RANK: 1
OVERALL PERFORMANCE: 25.0%
EPOCH TIMESTAMP(Every ~1000 ms)      Performance( Scale: 1-5)
1587266807299.0                        1
1587266807370.0                        1
1587266807440.0                        1
1587266807510.0                        1
1587266807582.0                        1
1587266807653.0                        1
1587266807721.0                        1
1587266807791.0                        1
1587266807858.0                        1
1587266807928.0                        1
1587266808001.0                        1
1587266808076.0                        1
1587266808143.0                        1
1587266808212.0                        1
1587266808281.0                        1
1587266808349.0                        1
1587266808418.0                        1
1587266808482.0                        1
1587266808548.0                        1
1587266808615.0                        1
1587266808682.0                        1
1587266808749.0                        1
1587266808817.0                        1
1587266808892.0                        1
1587266808959.0                        1
1587266809025.0                        1
1587266809100.0                        1
1587266809168.0                        1
1587266809233.0                        1
1587266809300.0                        1
1587266809368.0                        1
1587266809434.0                        1
1587266809501.0                        1
1587266809568.0                        1
1587266809634.0                        1
1587266809709.0                        1
1587266809778.0                        1
1587266809844.0                        1
1587266809914.0                        1
1587266809980.0                        1
1587266810047.0                        1
1587266810114.0                        1
1587266810180.0                        1
1587266810247.0                        1
1587266810314.0                        1
1587266810380.0                        1
1587266810446.0                        1
1587266810517.0                        1
1587266810591.0                        1
1587266810657.0                        1
1587266810723.0                        1
1587266810789.0                        1
1587266810866.0                        1
1587266810941.0                        1
1587266813912.0                        1
1587266813980.0                        1
1587266814049.0                        1
1587266814110.0                        1
1587266814172.0                        1
1587266814232.0                        1
1587266814293.0                        1
1587266814355.0                        1
1587266814413.0                        1
1587266814472.0                        1
1587266814533.0                        1
1587266814596.0                        1
1587266814655.0                        1
1587266814714.0                        1
1587266814774.0                        1
1587266814833.0                        1
1587266814896.0                        1
1587266814964.0                        1
1587266815032.0                        1
1587266815093.0                        1
1587266815153.0                        1
1587266815213.0                        1
1587266815272.0                        1
1587266815332.0                        1
1587266815394.0                        1
1587266815453.0                        1
1587266815513.0                        1
1587266815571.0                        1
1587266815627.0                        1
1587266815687.0                        1
1587266815745.0                        1
1587266815804.0                        1
1587266815870.0                        1
1587266815937.0                        1
1587266815999.0                        1
1587266816054.0                        1
1587266816110.0                        1
1587266816165.0                        1
1587266816221.0                        1
1587266816279.0                        1
1587266816336.0                        1
1587266816391.0                        1
1587266816445.0                        1
1587266816502.0                        1
1587266816557.0                        1
1587266816611.0                        1
1587266816668.0                        1
1587266816722.0                        1
1587266816777.0                        1
1587266816833.0                        1
1587266816887.0                        1
1587266816943.0                        1
1587266816997.0                        1
1587266817052.0                        1
1587266817111.0                        1
1587266817166.0                        1
1587266817218.0                        1
1587266817268.0                        1
1587266817318.0                        1
1587266820200.0                        1
1587266820246.0                        1
1587266820299.0                        1
1587266820350.0                        1
1587266820404.0                        1
1587266820457.0                        1
1587266820501.0                        1
1587266820549.0                        1
1587266820595.0                        1
1587266820667.0                        1
1587266820751.0                        1
1587266820818.0                        1
1587266820893.0                        1
1587266820983.0                        1
1587266821062.0                        1
1587266821134.0                        1
1587266821212.0                        1
1587266831088.0                        1
1587266831133.0                        1
1587266831180.0                        1
1587266831234.0                        1
1587266831280.0                        1
1587266831335.0                        1
1587266831380.0                        1
1587266831434.0                        1
1587266831482.0                        1
1587266831538.0                        1
1587266831581.0                        1
1587266831634.0                        1
1587266831681.0                        1
1587266831733.0                        1
1587266831779.0                        1
1587266831833.0                        1
1587266831888.0                        1
1587266831930.0                        1
1587266831984.0                        1
1587266832029.0                        1
1587266832086.0                        1
1587266832135.0                        1
1587266832185.0                        1
1587266832235.0                        1
1587266832279.0                        1
1587266832333.0                        1
1587266832379.0                        1
1587266832431.0                        1
1587266832483.0                        1
1587266832529.0                        1
1587266832583.0                        1
1587266832637.0                        1
1587266832681.0                        1
1587266832735.0                        1
1587266832780.0                        1
1587266832830.0                        1
1587266832880.0                        1
1587266832932.0                        1
1587266832987.0                        1
1587266833029.0                        1
1587266833081.0                        1
1587266833135.0                        1
1587266833185.0                        1
1587266833233.0                        1
1587266833278.0                        1
1587266833332.0                        1
1587266833386.0                        1
1587266833430.0                        1
1587266833483.0                        1
1587266833530.0                        1
1587266833587.0                        1
1587266833629.0                        1
1587266833681.0                        1
1587266833736.0                        1
1587266833780.0                        1
1587266833835.0                        1
1587266833877.0                        1
1587266833933.0                        1
1587266833981.0                        1
1587266834037.0                        1
1587266834083.0                        1
1587266834136.0                        1
1587266834183.0                        1
1587266834232.0                        1
1587266834280.0                        1
1587266834340.0                        1
1587266834386.0                        1
1587266834432.0                        1
1587266834481.0                        1
1587266834539.0                        1
1587266834585.0                        1
1587266834632.0                        1
1587266834678.0                        1
1587266834736.0                        1
1587266834781.0                        1
1587266834835.0                        1
1587266834879.0                        1
1587266834934.0                        1
1587266834979.0                        1
1587266835031.0                        1
1587266835084.0                        1
1587266835126.0                        1
1587266835180.0                        1
1587266835235.0                        1
1587266835279.0                        1
1587266835335.0                        1
1587266835379.0                        1
1587266835432.0                        1
1587266835488.0                        1
1587266835535.0                        1
1587266835580.0                        1
1587266835635.0                        1
1587266835687.0                        1
1587266835743.0                        1
1587266835784.0                        1
1587266835844.0                        1
1587266835892.0                        1
1587266835933.0                        1
1587266835980.0                        1
1587266836039.0                        1
1587266836088.0                        1
1587266836138.0                        1
1587266836188.0                        1
1587266836237.0                        1
1587266836285.0                        1
1587266836333.0                        1
1587266836383.0                        1
1587266836433.0                        1
1587266836481.0                        1
1587266836541.0                        1
1587266836589.0                        1
1587266836631.0                        1
1587266836686.0                        1
1587266836742.0                        1
1587266836785.0                        1
1587266836841.0                        1
1587266836881.0                        1
1587266836941.0                        1
1587266836991.0                        5
1587266836991.0                        4
1587266837037.0                        5
1587266837037.0                        4
1587266837089.0                        5
1587266837089.0                        4
1587266837133.0                        5
1587266837133.0                        4
1587266837183.0                        5
1587266837183.0                        4
1587266837241.0                        5
1587266837241.0                        4
1587266837289.0                        5
1587266837289.0                        3
1587266837337.0                        5
1587266837337.0                        3
1587266837388.0                        3
1587266837437.0                        3
1587266837487.0                        3
1587266837536.0                        3
1587266837585.0                        3
1587266837640.0                        3
1587266837692.0                        3
1587266837733.0                        3
1587266837791.0                        3
1587266837842.0                        3
1587266837883.0                        3
1587266837932.0                        3
1587266837982.0                        3
1587266838041.0                        3
1587266838086.0                        3
1587266838135.0                        3
1587266838183.0                        3
1587266838232.0                        3
1587266838290.0                        3
1587266838335.0                        3
1587266838386.0                        3
1587266838435.0                        3
1587266838483.0                        3
1587266838532.0                        3
1587266838581.0                        3
1587266838634.0                        3
1587266838689.0                        3
1587266838741.0                        3
1587266838782.0                        3
1587266838839.0                        3
1587266838889.0                        3
1587266838937.0                        3
1587266838986.0                        3
1587266839035.0                        3
1587266839081.0                        3
1587266839130.0                        3
1587266839189.0                        3
1587266839234.0                        3
1587266839284.0                        4
1587266839330.0                        4
1587266839389.0                        4
1587266839435.0                        4
1587266839485.0                        4
1587266839532.0                        4
1587266839590.0                        4
1587266839631.0                        4
1587266839686.0                        4
1587266839739.0                        4
1587266839789.0                        4
1587266839844.0                        4
1587266839886.0                        4
1587266839934.0                        4
1587266839982.0                        4
1587266840038.0                        4
1587266840085.0                        4
1587266840134.0                        4
1587266840181.0                        4
1587266840239.0                        4
1587266840289.0                        4
1587266840334.0                        4
1587266840384.0                        4
1587266840431.0                        4
1587266840487.0                        4
1587266840535.0                        4
1587266840584.0                        4
1587266840638.0                        4
1587266840687.0                        4
1587266840742.0                        4
1587266840785.0                        4
1587266840846.0                        4
1587266840893.0                        4
1587266840933.0                        4
1587266840979.0                        4
1587266841035.0                        4
1587266841083.0                        4
1587266841138.0                        4
1587266841183.0                        4
1587266841232.0                        4
1587266841279.0                        4
1587266841335.0                        4
1587266841383.0                        4
1587266841432.0                        4
1587266841480.0                        4
1587266841536.0                        4
1587266841583.0                        4
1587266841635.0                        4
1587266841687.0                        4
1587266841737.0                        4
1587266841789.0                        4
1587266841838.0                        4
1587266841887.0                        4
1587266841934.0                        4
1587266841981.0                        4
1587266842036.0                        4
1587266842083.0                        4
1587266842129.0                        4
1587266842183.0                        4
1587266842229.0                        4
1587266842283.0                        4
1587266842330.0                        4
1587266842387.0                        4
1587266842431.0                        4
1587266842485.0                        4
1587266842531.0                        4
1587266842588.0                        4
1587266842637.0                        4
1587266842687.0                        4
1587266842736.0                        4
1587266842786.0                        4
1587266842837.0                        4
1587266842887.0                        4
1587266842931.0                        4
1587266842985.0                        4
1587266843031.0                        4
1587266843085.0                        4
1587266843130.0                        4
1587266843186.0                        5
1587266843230.0                        5
1587266843284.0                        5
1587266843330.0                        5
1587266843385.0                        5
1587266843431.0                        5
1587266843485.0                        5
1587266843529.0                        5
1587266843584.0                        5
1587266843634.0                        5
1587266843685.0                        5
1587266843733.0                        5
1587266843781.0                        5
1587266843836.0                        5
1587266843889.0                        5
1587266843935.0                        5
1587266843980.0                        5
1587266844034.0                        5
1587266844079.0                        5
1587266844135.0                        5
1587266844179.0                        5
1587266844233.0                        5
1587266844284.0                        5
1587266844328.0                        5
1587266844380.0                        5
1587266844435.0                        5
1587266844479.0                        5
1587266844531.0                        5
1587266844587.0                        5
1587266844635.0                        5
1587266844684.0                        5
1587266844730.0                        5
1587266844783.0                        5
1587266844837.0                        5
1587266844881.0                        5
1587266844935.0                        5
1587266844979.0                        5
1587266845034.0                        5
1587266845088.0                        5
1587266845138.0                        5
1587266845187.0                        5
1587266845229.0                        5
1587266845283.0                        5
1587266845336.0                        5
1587266845380.0                        5
1587266845436.0                        5
1587266845479.0                        5
1587266845532.0                        5
1587266845586.0                        5
1587266845628.0                        5
1587266845682.0                        5
1587266845737.0                        5
1587266845779.0                        5
1587266845842.0                        5
