TimeStamp	POS_X	POS_Y	POS_Z	Q_W	Q_X	Q_Y	Q_Z	Throttle	Steering	Brake	Gear	Handbrake	RPM	Speed	ImageFile
1587266979759	-0.001797	12.755078	-0.113926	0.706697	-0.021766	0.021812	0.706845	0.000000	0.000000	0.000000	1	0	848.010010	4.715618	img__0_1587266979757798400.png
1587266979834	-0.001797	13.084805	-0.134910	0.706706	-0.021561	0.021609	0.706848	0.000000	0.000000	0.000000	1	0	850.683350	4.434830	img__0_1587266979832812700.png
1587266979907	-0.001797	13.403554	-0.155381	0.706714	-0.021415	0.021462	0.706850	1.000000	0.000000	0.000000	1	0	950.221924	4.189596	img__0_1587266979905123700.png
1587266979979	-0.001797	13.698399	-0.174353	0.706717	-0.021366	0.021410	0.706849	1.000000	0.000000	0.000000	1	0	1205.852539	3.997796	img__0_1587266979976951100.png
1587266980051	-0.001797	13.989648	-0.193059	0.706716	-0.021452	0.021497	0.706845	1.000000	0.000000	0.000000	1	0	1559.112915	3.892809	img__0_1587266980050078000.png
1587266980122	-0.001797	14.262578	-0.210693	0.706709	-0.021670	0.021717	0.706838	1.000000	0.000000	0.000000	1	0	1850.165405	3.878958	img__0_1587266980120264900.png
1587266980193	-0.001797	14.538047	-0.228396	0.706700	-0.021970	0.022015	0.706830	1.000000	0.000000	0.000000	1	0	2110.857178	3.920672	img__0_1587266980191571900.png
1587266980264	-0.001211	14.822070	-0.246614	0.706873	-0.022248	0.022343	0.706638	1.000000	-1.000000	0.000000	1	0	2349.871338	3.993329	img__0_1587266980263134600.png
1587266980335	0.008594	15.101874	-0.264568	0.709699	-0.022188	0.022874	0.703784	1.000000	-1.000000	0.000000	1	0	2571.174072	4.071548	img__0_1587266980333638100.png
1587266980407	0.035234	15.394843	-0.283228	0.716698	-0.021818	0.023549	0.696644	1.000000	0.000000	0.000000	1	0	2785.948486	4.173423	img__0_1587266980405726300.png
1587266980478	0.065625	15.692461	-0.302192	0.723047	-0.021943	0.023763	0.690041	1.000000	0.000000	0.000000	1	0	2988.103271	4.306494	img__0_1587266980476263700.png
1587266980554	0.084648	16.011484	-0.322366	0.724292	-0.022675	0.023362	0.688725	1.000000	0.000000	0.000000	1	0	3194.116211	4.459720	img__0_1587266980552849800.png
1587266980626	0.102109	16.347694	-0.343665	0.724393	-0.023238	0.023042	0.688610	1.000000	0.000000	0.000000	1	0	3379.558594	4.611059	img__0_1587266980624619100.png
1587266980696	0.120977	16.669531	-0.364048	0.725046	-0.023478	0.022946	0.687917	1.000000	-1.000000	0.000000	1	0	3557.710693	4.754465	img__0_1587266980694648000.png
1587266980773	0.155430	17.019257	-0.385955	0.729480	-0.023188	0.023223	0.683214	1.000000	0.000000	0.000000	1	0	3749.656982	4.912884	img__0_1587266980771701600.png
1587266980860	0.198086	17.441172	-0.412612	0.733535	-0.023288	0.023143	0.678858	1.000000	0.000000	0.000000	1	0	3960.538086	5.113635	img__0_1587266980858950300.png
1587266980938	0.232539	17.870274	-0.439749	0.733833	-0.023699	0.022783	0.678534	1.000000	0.000000	0.000000	1	0	4140.195313	5.303898	img__0_1587266980937058900.png
1587266981010	0.262344	18.246601	-0.463064	0.733850	-0.023877	0.022577	0.678517	1.000000	0.000000	0.000000	1	0	4302.295898	5.479783	img__0_1587266981008341700.png
1587266981080	0.293164	18.635859	-0.487075	0.733852	-0.023954	0.022429	0.678516	1.000000	0.000000	0.000000	1	0	4458.459961	5.651080	img__0_1587266981078903600.png
1587266981151	0.324805	19.036327	-0.511719	0.733854	-0.023969	0.022324	0.678517	1.000000	0.000000	0.000000	1	0	4615.396484	5.827705	img__0_1587266981150203700.png
1587266981222	0.357695	19.452187	-0.537192	0.733857	-0.023918	0.022222	0.678519	1.000000	0.000000	0.000000	1	0	4766.836426	6.000998	img__0_1587266981220270700.png
1587266981299	0.392891	19.897305	-0.564346	0.733860	-0.023852	0.022138	0.678521	1.000000	0.000000	0.000000	0	0	4957.396973	6.196098	img__0_1587266981297919500.png
1587266981370	0.428828	20.352812	-0.591914	0.733870	-0.023535	0.021814	0.678531	1.000000	0.000000	0.000000	0	0	4835.420898	6.147644	img__0_1587266981369255800.png
1587266981442	0.464023	20.788906	-0.618088	0.734099	-0.023054	0.021384	0.678314	1.000000	-1.000000	0.000000	0	0	4715.391113	6.095960	img__0_1587266981440942500.png
1587266981520	0.503320	21.216406	-0.643745	0.735530	-0.022725	0.021334	0.676774	1.000000	-1.000000	0.000000	2	0	4438.849609	6.297723	img__0_1587266981510916900.png
1587266981585	0.544336	21.672499	-0.671064	0.736335	-0.022877	0.021530	0.675887	1.000000	0.000000	0.000000	2	0	4383.574707	6.555405	img__0_1587266981583586700.png
1587266981655	0.585039	22.139765	-0.698882	0.736485	-0.023023	0.021575	0.675717	1.000000	0.000000	0.000000	2	0	4336.739258	6.798454	img__0_1587266981653519900.png
1587266981725	0.626250	22.614960	-0.726934	0.736512	-0.023072	0.021538	0.675688	1.000000	0.000000	0.000000	2	0	4295.978027	7.036674	img__0_1587266981723896700.png
1587266981797	0.670625	23.125858	-0.756882	0.736518	-0.023059	0.021465	0.675684	1.000000	0.000000	0.000000	2	0	4260.753418	7.275158	img__0_1587266981795660200.png
1587266981868	0.714805	23.635038	-0.786453	0.736524	-0.022974	0.021342	0.675685	1.000000	0.000000	0.000000	2	0	4231.802734	7.506105	img__0_1587266981866710800.png
1587266981938	0.763828	24.170624	-0.817329	0.737242	-0.022737	0.021292	0.674911	1.000000	-1.000000	0.000000	2	0	4213.639160	7.716280	img__0_1587266981936259500.png
1587266982011	0.827461	24.705507	-0.847827	0.741697	-0.021984	0.021560	0.670028	1.000000	0.000000	0.000000	2	0	4202.006836	7.928044	img__0_1587266982009008200.png
1587266982080	0.902031	25.279999	-0.880339	0.746394	-0.021516	0.021576	0.664806	1.000000	0.000000	0.000000	2	0	4193.954102	8.138523	img__0_1587266982079206700.png
1587266982152	0.970469	25.846289	-0.912014	0.747586	-0.021510	0.021209	0.663478	1.000000	0.000000	0.000000	2	0	4185.575684	8.351012	img__0_1587266982149606600.png
1587266982223	1.043086	26.448631	-0.945369	0.747855	-0.021492	0.020782	0.663189	1.000000	0.000000	0.000000	2	0	4181.642578	8.562893	img__0_1587266982221581600.png
1587266982296	1.115508	27.047264	-0.978130	0.747910	-0.021466	0.020389	0.663139	1.000000	0.000000	0.000000	2	0	4182.169922	8.766934	img__0_1587266982292394600.png
1587266982366	1.194492	27.676758	-1.012131	0.748655	-0.021241	0.020067	0.662316	1.000000	-1.000000	0.000000	2	0	4191.093750	8.964904	img__0_1587266982364957000.png
1587266982444	1.293281	28.333124	-1.047148	0.753442	-0.020422	0.020146	0.656889	1.000000	0.000000	0.000000	2	0	4207.011719	9.162327	img__0_1587266982441450300.png
1587266982522	1.411172	29.058046	-1.085222	0.758639	-0.019869	0.020008	0.650900	1.000000	0.000000	0.000000	2	0	4223.859375	9.379678	img__0_1587266982520628100.png
1587266982596	1.519297	29.745546	-1.120745	0.759918	-0.019773	0.019511	0.649425	1.000000	0.000000	0.000000	2	0	4238.503906	9.575022	img__0_1587266982592303400.png
1587266982663	1.625781	30.418592	-1.155015	0.760220	-0.019691	0.019009	0.649089	1.000000	0.000000	0.000000	2	0	4255.794922	9.763853	img__0_1587266982662119900.png
1587266982735	1.733437	31.095585	-1.188896	0.760294	-0.019622	0.018526	0.649018	1.000000	0.000000	0.000000	2	0	4276.016602	9.952296	img__0_1587266982733151200.png
1587266982805	1.846601	31.805389	-1.223770	0.760316	-0.019488	0.018015	0.649011	1.000000	0.000000	0.000000	2	0	4298.801758	10.140602	img__0_1587266982804302800.png
1587266982878	1.957969	32.503319	-1.257463	0.760325	-0.019301	0.017536	0.649019	1.000000	0.000000	0.000000	2	0	4323.572266	10.323286	img__0_1587266982874561200.png
1587266982946	2.073945	33.229961	-1.291868	0.760334	-0.019082	0.017086	0.649027	1.000000	0.000000	0.000000	2	0	4350.622559	10.505092	img__0_1587266982944619800.png
1587266983018	2.190664	33.961056	-1.325732	0.760344	-0.018810	0.016666	0.649034	1.000000	0.000000	0.000000	2	0	4379.725586	10.687038	img__0_1587266983015890500.png
1587266983088	2.310117	34.709373	-1.359646	0.760357	-0.018465	0.016244	0.649040	1.000000	0.000000	0.000000	2	0	4410.320801	10.866560	img__0_1587266983086577800.png
1587266983158	2.430586	35.464062	-1.393096	0.760369	-0.018091	0.015838	0.649046	1.000000	0.000000	0.000000	2	0	4442.408691	11.043594	img__0_1587266983156784600.png
1587266983228	2.553008	36.231209	-1.426267	0.760381	-0.017706	0.015450	0.649053	1.000000	0.000000	0.000000	2	0	4475.904297	11.219245	img__0_1587266983226523200.png
1587266983299	2.677500	37.011482	-1.459106	0.760393	-0.017290	0.015067	0.649058	1.000000	0.000000	0.000000	2	0	4511.158203	11.396737	img__0_1587266983297944100.png
1587266983369	2.803945	37.803787	-1.491543	0.760405	-0.016835	0.014666	0.649065	1.000000	0.000000	0.000000	2	0	4546.711914	11.569656	img__0_1587266983367645000.png
1587266983446	2.939062	38.650860	-1.525215	0.760417	-0.016335	0.014236	0.649073	1.000000	0.000000	0.000000	2	0	4587.200195	11.759803	img__0_1587266983444274400.png
1587266983523	3.083008	39.553162	-1.559922	0.760430	-0.015802	0.013782	0.649082	1.000000	0.000000	0.000000	2	0	4628.975586	11.949502	img__0_1587266983521198600.png
1587266983593	3.219844	40.411209	-1.591785	0.760440	-0.015295	0.013350	0.649091	1.000000	0.000000	0.000000	2	0	4668.462891	12.123786	img__0_1587266983592148900.png
1587266983665	3.356055	41.265545	-1.622378	0.760450	-0.014789	0.012919	0.649100	1.000000	0.000000	0.000000	2	0	4708.904297	12.298521	img__0_1587266983663442000.png
1587266983736	3.493203	42.137146	-1.652410	0.759976	-0.014352	0.012402	0.649674	1.000000	1.000000	0.000000	2	0	4752.616699	12.467007	img__0_1587266983734620600.png
1587266983810	3.621250	43.029999	-1.681853	0.756520	-0.014286	0.011462	0.653714	1.000000	0.000000	0.000000	2	0	4800.076660	12.632668	img__0_1587266983807281900.png
1587266983879	3.739453	43.920078	-1.709875	0.752249	-0.014129	0.010571	0.658642	1.000000	0.000000	0.000000	2	0	4842.129395	12.803482	img__0_1587266983877070900.png
1587266983949	3.856914	44.804607	-1.736448	0.750510	-0.013616	0.009996	0.660643	1.000000	0.000000	0.000000	0	0	4924.909180	12.975547	img__0_1587266983947436700.png
1587266984019	3.972188	45.691013	-1.761775	0.749896	-0.012951	0.009423	0.661362	1.000000	0.000000	0.000000	0	0	4808.733887	12.984303	img__0_1587266984015767400.png
1587266984087	4.085156	46.574921	-1.785789	0.749685	-0.012089	0.008769	0.661626	1.000000	1.000000	0.000000	0	0	4693.620605	12.953157	img__0_1587266984085048800.png
1587266984155	4.192695	47.461521	-1.808923	0.748389	-0.011574	0.008203	0.663108	1.000000	1.000000	0.000000	3	0	4383.847168	13.062767	img__0_1587266984154000800.png
1587266984224	4.286758	48.363281	-1.831826	0.743763	-0.011895	0.007711	0.668293	1.000000	0.000000	0.000000	3	0	4330.141602	13.242625	img__0_1587266984222970400.png
1587266984294	4.370273	49.282967	-1.854890	0.738069	-0.012353	0.007441	0.674571	1.000000	0.000000	0.000000	3	0	4277.209473	13.434854	img__0_1587266984292546300.png
1587266984362	4.452422	50.200897	-1.877568	0.735510	-0.012470	0.007643	0.677356	1.000000	1.000000	0.000000	3	0	4231.483887	13.618575	img__0_1587266984361295100.png
1587266984433	4.529140	51.152500	-1.901106	0.733288	-0.012648	0.007690	0.679757	1.000000	1.000000	0.000000	3	0	4197.470703	13.790170	img__0_1587266984431078300.png
1587266984501	4.588945	52.103123	-1.924753	0.728485	-0.013063	0.007358	0.684898	1.000000	0.000000	0.000000	3	0	4169.602051	13.957018	img__0_1587266984499710500.png
1587266984568	4.641797	53.050194	-1.948357	0.724681	-0.013148	0.007341	0.688920	1.000000	0.000000	0.000000	3	0	4143.382324	14.124518	img__0_1587266984566715600.png
1587266984636	4.692773	54.012539	-1.972375	0.723095	-0.012972	0.007556	0.690586	1.000000	0.000000	0.000000	3	0	4121.584473	14.289847	img__0_1587266984634760900.png
1587266984704	4.738203	54.966640	-1.996365	0.722075	-0.012832	0.007806	0.691652	1.000000	1.000000	0.000000	3	0	4108.157227	14.445012	img__0_1587266984701961800.png
1587266984771	4.771563	55.937771	-2.020825	0.718726	-0.012975	0.007735	0.695129	1.000000	1.000000	0.000000	3	0	4105.638184	14.582874	img__0_1587266984769078900.png
1587266984839	4.788320	56.934219	-2.045989	0.712427	-0.013321	0.007363	0.701582	1.000000	0.000000	0.000000	3	0	4099.037109	14.738701	img__0_1587266984837970100.png
1587266984907	4.801054	57.942696	-2.071533	0.708579	-0.013218	0.007378	0.705469	1.000000	0.000000	0.000000	3	0	4093.883057	14.890272	img__0_1587266984905101500.png
1587266984974	4.807812	58.933750	-2.096531	0.706561	-0.013031	0.007439	0.707493	1.000000	1.000000	0.000000	3	0	4094.833740	15.033916	img__0_1587266984972281100.png
1587266985047	4.799414	60.028942	-2.123962	0.702563	-0.013062	0.007174	0.711466	1.000000	0.000000	0.000000	3	0	4099.645020	15.189662	img__0_1587266985045918800.png
1587266985114	4.785312	61.071758	-2.149836	0.699876	-0.012816	0.007207	0.714113	1.000000	0.000000	0.000000	3	0	4103.055664	15.335024	img__0_1587266985113013900.png
1587266985184	4.767695	62.109531	-2.175288	0.698752	-0.012413	0.007374	0.715218	1.000000	0.000000	0.000000	3	0	4108.905273	15.479655	img__0_1587266985180876100.png
1587266985250	4.744765	63.163750	-2.200788	0.697835	-0.012005	0.007496	0.716118	1.000000	1.000000	0.000000	3	0	4120.208496	15.617393	img__0_1587266985248633200.png
1587266985328	4.708828	64.370354	-2.229453	0.695528	-0.011627	0.007482	0.718366	1.000000	0.000000	0.000000	3	0	4132.198242	15.781673	img__0_1587266985326310000.png
1587266985394	4.675664	65.432457	-2.254172	0.694588	-0.011153	0.007604	0.719281	1.000000	0.000000	0.000000	3	0	4143.970703	15.920314	img__0_1587266985392878100.png
1587266985460	4.640351	66.484879	-2.278132	0.694096	-0.010681	0.007690	0.719762	1.000000	1.000000	0.000000	3	0	4158.494141	16.054758	img__0_1587266985459166700.png
1587266985528	4.595586	67.562225	-2.302046	0.691836	-0.010454	0.007442	0.721940	1.000000	0.000000	0.000000	3	0	4177.546387	16.185669	img__0_1587266985526034100.png
1587266985593	4.543633	68.636757	-2.325242	0.688779	-0.010251	0.007159	0.724864	1.000000	0.000000	0.000000	3	0	4193.377441	16.320559	img__0_1587266985592108800.png
1587266985660	4.489922	69.714767	-2.347800	0.687304	-0.009891	0.007023	0.726269	1.000000	0.000000	0.000000	3	0	4209.792969	16.454643	img__0_1587266985658261200.png
1587266985727	4.430351	70.817223	-2.370073	0.686174	-0.009561	0.006802	0.727342	1.000000	1.000000	0.000000	3	0	4230.807129	16.586363	img__0_1587266985725425800.png
1587266985796	4.357695	71.934959	-2.391775	0.682763	-0.009496	0.006219	0.730552	1.000000	0.000000	0.000000	3	0	4253.428223	16.720930	img__0_1587266985794535300.png
1587266985879	4.265078	73.263710	-2.416355	0.679748	-0.009164	0.005798	0.733365	1.000000	0.000000	0.000000	3	0	4276.889648	16.887289	img__0_1587266985876825400.png
1587266985951	4.171211	74.542419	-2.438667	0.678477	-0.008707	0.005486	0.734550	1.000000	1.000000	0.000000	3	0	4299.916016	17.030806	img__0_1587266985949451500.png
1587266986019	4.074414	75.708786	-2.457793	0.675760	-0.008497	0.004907	0.737056	1.000000	1.000000	0.000000	3	0	4329.088867	17.154121	img__0_1587266986017916700.png
1587266986086	3.961875	76.866211	-2.475559	0.670219	-0.008510	0.004032	0.742104	1.000000	0.000000	0.000000	3	0	4351.296875	17.287748	img__0_1587266986084537000.png
1587266986160	3.844492	78.019608	-2.492024	0.666643	-0.008207	0.003526	0.745324	1.000000	0.000000	0.000000	3	0	4372.221191	17.423132	img__0_1587266986151902100.png
1587266986220	3.719141	79.182457	-2.507295	0.664483	-0.007832	0.003054	0.747256	1.000000	1.000000	0.000000	3	0	4397.109863	17.552706	img__0_1587266986218967400.png
1587266986287	3.576406	80.357262	-2.521301	0.660293	-0.007688	0.002198	0.750965	1.000000	1.000000	0.000000	3	0	4429.434570	17.667601	img__0_1587266986285824800.png
1587266986354	3.414219	81.522537	-2.533731	0.653172	-0.007740	0.001059	0.757169	1.000000	0.000000	0.000000	3	0	4453.430664	17.799665	img__0_1587266986352774300.png
1587266986421	3.240625	82.708908	-2.544844	0.648279	-0.007424	0.000382	0.761367	1.000000	0.000000	0.000000	3	0	4474.588379	17.934669	img__0_1587266986419740100.png
1587266986488	3.059297	83.891525	-2.554326	0.645878	-0.006932	-0.000090	0.763409	1.000000	0.000000	0.000000	3	0	4496.408203	18.070591	img__0_1587266986486051400.png
1587266986554	2.869570	85.077026	-2.562173	0.644749	-0.006321	-0.000458	0.764368	1.000000	0.000000	0.000000	3	0	4518.785645	18.207588	img__0_1587266986552966800.png
1587266986626	2.671719	86.276245	-2.568354	0.644259	-0.005562	-0.000714	0.764787	1.000000	-1.000000	0.000000	3	0	4542.348145	18.349648	img__0_1587266986622308500.png
1587266986699	2.448750	87.632965	-2.573108	0.645766	-0.004337	-0.000615	0.763523	1.000000	-1.000000	0.000000	3	0	4573.533691	18.495934	img__0_1587266986697216500.png
1587266986771	2.235000	89.003433	-2.575493	0.650727	-0.002722	-0.000070	0.759307	1.000000	0.000000	0.000000	3	0	4599.856445	18.647238	img__0_1587266986770181500.png
1587266986840	2.040977	90.259529	-2.575461	0.653499	-0.001471	0.000076	0.756926	1.000000	0.000000	0.000000	3	0	4623.481445	18.787989	img__0_1587266986837551800.png
1587266986907	1.853281	91.499725	-2.573247	0.654858	-0.000329	0.000058	0.755751	1.000000	0.000000	0.000000	3	0	4647.187012	18.927801	img__0_1587266986904162300.png
1587266986973	1.668242	92.749649	-2.568777	0.655511	0.000693	-0.000126	0.755186	1.000000	0.000000	0.000000	3	0	4671.576172	19.069172	img__0_1587266986971336100.png
1587266987041	1.480742	94.050079	-2.561719	0.656290	0.001673	-0.000450	0.754506	1.000000	-1.000000	0.000000	3	0	4700.156738	19.207907	img__0_1587266987039658000.png
1587266987108	1.308789	95.333084	-2.552256	0.659896	0.002933	-0.000566	0.751351	1.000000	-1.000000	0.000000	3	0	4735.553223	19.331268	img__0_1587266987106885600.png
1587266987177	1.153867	96.632965	-2.540051	0.666951	0.004485	-0.000428	0.745088	1.000000	0.000000	0.000000	3	0	4763.015625	19.472948	img__0_1587266987175373600.png
1587266987244	1.006406	97.939331	-2.525112	0.671908	0.005626	-0.000716	0.740613	1.000000	0.000000	0.000000	3	0	4787.530273	19.617535	img__0_1587266987243089300.png
1587266987313	0.863789	99.286011	-2.506829	0.674629	0.006656	-0.001245	0.738126	1.000000	-1.000000	0.000000	3	0	4814.564453	19.760672	img__0_1587266987311337800.png
1587266987382	0.738398	100.625778	-2.485620	0.678060	0.007884	-0.001644	0.734962	1.000000	-1.000000	0.000000	3	0	4849.458984	19.890423	img__0_1587266987379476500.png
1587266987449	0.633125	101.972656	-2.461228	0.683796	0.009310	-0.001881	0.729612	1.000000	0.000000	0.000000	3	0	4876.250977	20.034807	img__0_1587266987446927300.png
1587266987517	0.536563	103.336914	-2.433323	0.687675	0.010370	-0.002626	0.725940	1.000000	0.000000	0.000000	0	0	4821.982910	20.101980	img__0_1587266987515529200.png
1587266987584	0.452422	104.679726	-2.402534	0.690144	0.011488	-0.003698	0.723572	1.000000	-1.000000	0.000000	0	0	4710.373047	20.093544	img__0_1587266987582788700.png
1587266987657	0.383867	106.080971	-2.366946	0.694378	0.012885	-0.004546	0.719481	1.000000	0.000000	0.000000	4	0	4300.669922	20.181231	img__0_1587266987655594000.png
1587266987733	0.322109	107.607262	-2.324177	0.697821	0.013720	-0.005480	0.716120	1.000000	0.000000	0.000000	4	0	4187.524902	20.381199	img__0_1587266987731162400.png
1587266987801	0.273281	109.044685	-2.279912	0.699369	0.014299	-0.006574	0.714588	1.000000	0.000000	0.000000	4	0	4104.359375	20.557932	img__0_1587266987799692200.png
1587266987869	0.233437	110.436989	-2.233232	0.700051	0.014838	-0.007814	0.713896	1.000000	0.000000	0.000000	4	0	4034.576416	20.728367	img__0_1587266987867221400.png
1587266987936	0.198398	111.851479	-2.181887	0.700326	0.015327	-0.009197	0.713599	1.000000	0.000000	0.000000	4	0	3976.348877	20.893776	img__0_1587266987934421900.png
1587266988004	0.167422	113.246559	-2.127380	0.700401	0.015803	-0.010653	0.713495	1.000000	0.000000	0.000000	4	0	3927.772949	21.057350	img__0_1587266988002192600.png
1587266988073	0.139297	114.682304	-2.067141	0.700811	0.016399	-0.012126	0.713056	1.000000	-1.000000	0.000000	4	0	3891.453613	21.213528	img__0_1587266988070360300.png
1587266988139	0.119531	116.115112	-2.002908	0.702929	0.017277	-0.013287	0.710926	1.000000	0.000000	0.000000	4	0	3861.079590	21.369549	img__0_1587266988137473900.png
1587266988206	0.102266	117.522728	-1.935627	0.704290	0.018103	-0.014574	0.709532	1.000000	0.000000	0.000000	4	0	3837.155518	21.520817	img__0_1587266988203226000.png
1587266988270	0.087969	118.925896	-1.864204	0.705010	0.019055	-0.015937	0.708762	1.000000	-1.000000	0.000000	4	0	3819.985596	21.668875	img__0_1587266988268326900.png
1587266988335	0.080000	120.354179	-1.786611	0.706401	0.020402	-0.017239	0.707307	1.000000	-1.000000	0.000000	4	0	3813.094727	21.808456	img__0_1587266988333608800.png
1587266988401	0.086172	121.760857	-1.704885	0.710456	0.022311	-0.018139	0.703154	1.000000	0.000000	0.000000	4	0	3810.111572	21.951899	img__0_1587266988399778000.png
1587266988466	0.101406	123.208435	-1.615249	0.714483	0.024144	-0.019128	0.698974	1.000000	0.000000	0.000000	4	0	3804.464355	22.098190	img__0_1587266988464524500.png
1587266988531	0.122891	124.630074	-1.521799	0.716838	0.025699	-0.020170	0.696475	1.000000	-1.000000	0.000000	4	0	3803.956787	22.242258	img__0_1587266988529451700.png
1587266988595	0.157539	126.046364	-1.423733	0.719743	0.027397	-0.020878	0.693386	1.000000	-1.000000	0.000000	4	0	3813.703369	22.373487	img__0_1587266988592967600.png
1587266988664	0.214141	127.564880	-1.313469	0.724795	0.029472	-0.021278	0.688005	1.000000	0.000000	0.000000	4	0	3818.726074	22.529673	img__0_1587266988662829700.png
1587266988731	0.279766	129.048904	-1.201001	0.728240	0.030988	-0.021910	0.684271	1.000000	-1.000000	0.000000	4	0	3823.653320	22.675751	img__0_1587266988727370700.png
1587266988792	0.356484	130.489639	-1.087602	0.731033	0.032420	-0.022509	0.681199	1.000000	-1.000000	0.000000	4	0	3836.614014	22.808893	img__0_1587266988790662100.png
1587266988857	0.454531	131.949768	-0.968723	0.735643	0.034156	-0.022737	0.676125	1.000000	0.000000	0.000000	4	0	3851.489014	22.948124	img__0_1587266988855248200.png
1587266988921	0.566094	133.397614	-0.847202	0.739851	0.035574	-0.023091	0.671432	1.000000	0.000000	0.000000	4	0	3859.224854	23.093702	img__0_1587266988919058800.png
1587266988983	0.688828	134.852463	-0.721633	0.742385	0.036602	-0.023678	0.668554	1.000000	-1.000000	0.000000	4	0	3869.346680	23.236366	img__0_1587266988981100700.png
1587266989046	0.823711	136.288513	-0.594558	0.744631	0.037607	-0.024210	0.665976	1.000000	0.000000	0.000000	4	0	3884.721680	23.380903	img__0_1587266989044837200.png
1587266989114	0.978086	137.789368	-0.458547	0.746949	0.038510	-0.024790	0.663303	1.000000	0.000000	0.000000	4	0	3896.524902	23.535761	img__0_1587266989111066200.png
1587266989174	1.141055	139.285858	-0.319951	0.748290	0.039097	-0.025559	0.661726	1.000000	0.000000	0.000000	4	0	3908.461914	23.680088	img__0_1587266989172019300.png
1587266989238	1.307578	140.744919	-0.182041	0.749018	0.039485	-0.026401	0.660845	1.000000	0.000000	0.000000	4	0	3921.962402	23.833588	img__0_1587266989236314600.png
1587266989309	1.502930	142.392426	-0.023284	0.749432	0.039742	-0.027418	0.660318	1.000000	0.000000	0.000000	4	0	3937.594971	24.002792	img__0_1587266989306984600.png
1587266989372	1.688594	143.916122	0.126218	0.749600	0.039862	-0.028377	0.660080	1.000000	0.000000	0.000000	4	0	3952.449707	24.155874	img__0_1587266989370934200.png
1587266989437	1.882383	145.477417	0.281924	0.749656	0.039921	-0.029372	0.659969	1.000000	0.000000	0.000000	4	0	3967.943604	24.309797	img__0_1587266989434639500.png
1587266989500	2.073477	146.999222	0.435999	0.749655	0.039935	-0.030294	0.659928	1.000000	0.000000	0.000000	4	0	3984.199951	24.464640	img__0_1587266989498547400.png
1587266989563	2.264609	148.509689	0.591030	0.749627	0.039966	-0.031164	0.659918	1.000000	0.000000	0.000000	4	0	4000.573975	24.616032	img__0_1587266989561366600.png
1587266989625	2.460586	150.051483	0.751309	0.749588	0.040004	-0.031963	0.659921	1.000000	0.000000	0.000000	4	0	4017.396240	24.766479	img__0_1587266989623375000.png
1587266989689	2.656523	151.588348	0.912981	0.749546	0.040084	-0.032683	0.659929	1.000000	0.000000	0.000000	4	0	4035.076416	24.921106	img__0_1587266989687066900.png
1587266989751	2.855273	153.144684	1.078496	0.749504	0.040190	-0.033320	0.659938	1.000000	0.000000	0.000000	4	0	4052.953857	25.073908	img__0_1587266989749940300.png
1587266989815	3.053164	154.693863	1.244924	0.749464	0.040334	-0.033872	0.659947	1.000000	0.000000	0.000000	4	0	4071.335693	25.228189	img__0_1587266989813406800.png
1587266989878	3.251484	156.245819	1.413167	0.749426	0.040501	-0.034352	0.659955	1.000000	0.000000	0.000000	4	0	4089.596436	25.378992	img__0_1587266989875696700.png
1587266989940	3.454961	157.838898	1.587375	0.749389	0.040690	-0.034771	0.659963	1.000000	0.000000	0.000000	4	0	4108.667969	25.534353	img__0_1587266989938768900.png
1587266990004	3.657578	159.425735	1.762234	0.749354	0.040892	-0.035135	0.659971	1.000000	0.000000	0.000000	4	0	4127.922363	25.689426	img__0_1587266990002797100.png
1587266990067	3.863750	161.041595	1.941572	0.749320	0.041094	-0.035446	0.659980	1.000000	0.000000	0.000000	4	0	4146.971680	25.841177	img__0_1587266990065517700.png
1587266990130	4.068242	162.654297	2.121699	0.748973	0.041211	-0.035787	0.660349	1.000000	1.000000	0.000000	4	0	4168.562012	25.992550	img__0_1587266990128810300.png
1587266990192	4.261015	164.242767	2.300116	0.746543	0.040853	-0.036544	0.663075	1.000000	1.000000	0.000000	4	0	4195.472656	26.130486	img__0_1587266990190752300.png
1587266990260	4.448789	165.952454	2.493118	0.740050	0.039660	-0.038125	0.670298	1.000000	1.000000	0.000000	4	0	4232.243164	26.260437	img__0_1587266990258887400.png
1587266990331	4.613164	167.767059	2.698871	0.728129	0.037393	-0.040795	0.683203	1.000000	0.000000	0.000000	4	0	4270.226074	26.381111	img__0_1587266990329036400.png
1587266990396	4.735859	169.497299	2.895721	0.715304	0.035001	-0.043494	0.696580	1.000000	0.000000	0.000000	4	0	4290.721680	26.502966	img__0_1587266990393195700.png
1587266990456	4.826953	171.141876	3.083314	0.706038	0.033194	-0.045531	0.705928	1.000000	0.000000	0.000000	4	0	4308.860352	26.624058	img__0_1587266990454646800.png
1587266990519	4.890234	172.783783	3.270934	0.699557	0.031694	-0.047232	0.712309	1.000000	1.000000	0.000000	4	0	4332.056641	26.747866	img__0_1587266990516979300.png
1587266990579	4.921328	174.416168	3.457592	0.693893	0.030268	-0.048829	0.717783	1.000000	1.000000	0.000000	4	0	4361.587402	26.858139	img__0_1587266990577847000.png
1587266990639	4.917070	176.056213	3.645021	0.687035	0.028766	-0.050458	0.724299	1.000000	0.000000	0.000000	4	0	4389.800293	26.966362	img__0_1587266990637788100.png
1587266990701	4.884570	177.646408	3.826545	0.680730	0.027737	-0.051621	0.730187	1.000000	0.000000	0.000000	4	0	4406.399414	27.096987	img__0_1587266990698935900.png
1587266990763	4.825000	179.335663	4.019279	0.676079	0.027230	-0.052223	0.734471	1.000000	0.000000	0.000000	4	0	4423.314453	27.239426	img__0_1587266990761898400.png
1587266990832	4.735898	181.089020	4.218590	0.672567	0.026825	-0.052235	0.737703	1.000000	1.000000	0.000000	4	0	4445.801270	27.385624	img__0_1587266990830404800.png
1587266990904	4.596797	183.071014	4.442597	0.667176	0.026251	-0.052317	0.742597	1.000000	0.000000	0.000000	4	0	4474.739258	27.529831	img__0_1587266990902544900.png
1587266990965	4.438359	184.874252	4.645334	0.661253	0.026122	-0.052550	0.747864	1.000000	0.000000	0.000000	4	0	4487.901855	27.669329	img__0_1587266990964084800.png
1587266991029	4.275469	186.515076	4.829080	0.657450	0.026139	-0.052078	0.751242	1.000000	0.000000	0.000000	4	0	4499.262695	27.811623	img__0_1587266991025364100.png
1587266991089	4.086797	188.227417	5.018566	0.654804	0.025648	-0.050753	0.753657	1.000000	0.000000	0.000000	4	0	4512.551270	27.956408	img__0_1587266991087732800.png
1587266991149	3.884297	189.913193	5.202566	0.653202	0.026053	-0.049938	0.755086	1.000000	0.000000	0.000000	4	0	4525.254883	28.098547	img__0_1587266991147698800.png
1587266991212	3.664961	191.622925	5.388459	0.652223	0.026745	-0.049165	0.755958	1.000000	0.000000	0.000000	4	0	4537.611328	28.246191	img__0_1587266991209953400.png
1587266991280	3.415508	193.470001	5.585433	0.651618	0.026302	-0.046952	0.756636	1.000000	0.000000	0.000000	4	0	4550.845703	28.406113	img__0_1587266991278351200.png
1587266991348	3.144531	195.399170	5.786180	0.651315	0.026253	-0.044782	0.757030	1.000000	0.000000	0.000000	4	0	4565.404785	28.565285	img__0_1587266991346103500.png
1587266991410	2.890391	197.160965	5.966240	0.651204	0.027192	-0.043713	0.757155	1.000000	0.000000	0.000000	4	0	4578.505371	28.706686	img__0_1587266991407713000.png
1587266991469	2.638320	198.879288	6.138535	0.651207	0.026981	-0.041643	0.757277	1.000000	0.000000	0.000000	4	0	4590.110352	28.843220	img__0_1587266991467932800.png
1587266991530	2.380078	200.619522	6.306659	0.651285	0.025456	-0.038456	0.757430	1.000000	0.000000	0.000000	4	0	4604.669434	28.977726	img__0_1587266991528266900.png
1587266991587	2.130352	202.289612	6.461204	0.651316	0.026062	-0.037305	0.757441	1.000000	0.000000	0.000000	4	0	4618.162598	29.104126	img__0_1587266991585832300.png
1587266991645	1.878398	203.965271	6.615098	0.651348	0.026752	-0.036551	0.757427	1.000000	0.000000	0.000000	4	0	4631.599609	29.230675	img__0_1587266991643637200.png
1587266991703	1.626445	205.636749	6.766560	0.651463	0.026564	-0.035215	0.757397	1.000000	-1.000000	0.000000	4	0	4646.436523	29.356340	img__0_1587266991701932700.png
1587266991762	1.378945	207.304916	6.915914	0.652848	0.026847	-0.033977	0.756250	1.000000	-1.000000	0.000000	4	0	4665.693848	29.474691	img__0_1587266991760212200.png
1587266991819	1.144102	208.960770	7.062736	0.656998	0.027976	-0.032809	0.752658	1.000000	-1.000000	0.000000	4	0	4690.028320	29.577965	img__0_1587266991817291700.png
1587266991877	0.919141	210.669495	7.213795	0.664452	0.029424	-0.031008	0.746107	1.000000	0.000000	0.000000	4	0	4709.327148	29.689781	img__0_1587266991875884400.png
1587266991935	0.708750	212.368195	7.362799	0.671426	0.030317	-0.029033	0.739882	1.000000	0.000000	0.000000	4	0	4723.356934	29.802824	img__0_1587266991934106800.png
1587266991993	0.509062	214.085617	7.512020	0.676279	0.031456	-0.027696	0.735453	1.000000	0.000000	0.000000	4	0	4738.657227	29.914995	img__0_1587266991992003500.png
1587266992053	0.325781	215.793594	7.660100	0.679606	0.032511	-0.026626	0.732373	1.000000	0.000000	0.000000	4	0	4754.041992	30.028044	img__0_1587266992049349200.png
1587266992108	0.159180	217.488281	7.804598	0.681992	0.032539	-0.024929	0.730210	1.000000	0.000000	0.000000	4	0	4769.798340	30.142382	img__0_1587266992106344600.png
1587266992162	0.007773	219.172028	7.945860	0.683562	0.032563	-0.023655	0.728781	1.000000	0.000000	0.000000	4	0	4784.781738	30.250847	img__0_1587266992160755500.png
1587266992220	-0.131484	220.846863	8.084400	0.684528	0.032926	-0.023292	0.727870	1.000000	0.000000	0.000000	4	0	4799.997559	30.368465	img__0_1587266992218354000.png
1587266992279	-0.273711	222.695313	8.235031	0.685254	0.032333	-0.022520	0.727238	1.000000	0.000000	0.000000	4	0	4813.139648	30.488394	img__0_1587266992277287800.png
1587266992336	-0.396055	224.396164	8.369345	0.685749	0.030592	-0.021109	0.726888	1.000000	0.000000	0.000000	4	0	4827.527832	30.603905	img__0_1587266992335046500.png
1587266992394	-0.511211	226.096863	8.498853	0.686150	0.030154	-0.021167	0.726526	1.000000	-1.000000	0.000000	4	0	4843.446289	30.712553	img__0_1587266992391042500.png
1587266992451	-0.618828	227.848724	8.630866	0.688082	0.029986	-0.021198	0.724704	1.000000	-1.000000	0.000000	4	0	4862.288574	30.813366	img__0_1587266992449001500.png
1587266992508	-0.711406	229.616867	8.757343	0.692749	0.027946	-0.018696	0.720395	1.000000	0.000000	0.000000	0	0	4917.682617	30.915920	img__0_1587266992505501700.png
1587266992562	-0.793242	231.355682	8.875296	0.696707	0.026980	-0.017491	0.716635	1.000000	0.000000	0.000000	0	0	4824.608398	30.967587	img__0_1587266992560212600.png
1587266992620	-0.865703	233.089279	8.988860	0.699424	0.027193	-0.017586	0.713973	1.000000	0.000000	0.000000	0	0	4730.408203	30.979698	img__0_1587266992616636300.png
1587266992675	-0.926992	234.803436	9.096423	0.701516	0.025903	-0.016184	0.711999	1.000000	-1.000000	0.000000	5	0	4463.203613	30.989679	img__0_1587266992673017600.png
1587266992729	-0.974375	236.524857	9.197532	0.704177	0.023664	-0.013467	0.709502	1.000000	-1.000000	0.000000	5	0	4452.197754	31.063139	img__0_1587266992727114500.png
1587266992784	-1.003945	238.217178	9.289247	0.708207	0.024046	-0.012820	0.705479	1.000000	0.000000	0.000000	5	0	4464.722656	31.144131	img__0_1587266992783010700.png
1587266992842	-1.020078	239.965225	9.381934	0.712526	0.024196	-0.012100	0.701124	1.000000	0.000000	0.000000	5	0	4469.517578	31.231672	img__0_1587266992839524500.png
1587266992894	-1.024023	241.703995	9.467063	0.715738	0.021861	-0.009251	0.697965	1.000000	0.000000	0.000000	5	0	4476.471680	31.311253	img__0_1587266992892886500.png
1587266992952	-1.015781	243.406677	9.543852	0.717846	0.021053	-0.008188	0.695836	1.000000	-1.000000	0.000000	5	0	4485.436523	31.398037	img__0_1587266992950197600.png
1587266993007	-0.992070	245.192657	9.620438	0.719901	0.021267	-0.008071	0.693704	1.000000	0.000000	0.000000	5	0	4496.332031	31.475704	img__0_1587266993005250100.png
1587266993060	-0.958555	246.816086	9.682131	0.721983	0.018657	-0.005278	0.691639	1.000000	0.000000	0.000000	5	0	4501.758789	31.549421	img__0_1587266993058734100.png
1587266993111	-0.912266	248.560242	9.736418	0.723658	0.014127	-0.000869	0.690014	1.000000	0.000000	0.000000	5	0	4509.581055	31.618078	img__0_1587266993110134800.png
1587266993165	-0.859609	250.204819	9.774259	0.724605	0.013621	-0.000852	0.689029	1.000000	0.000000	0.000000	5	0	4516.565430	31.691912	img__0_1587266993163251400.png
1587266993218	-0.800742	251.821884	9.809536	0.725219	0.013182	-0.001145	0.688391	1.000000	0.000000	0.000000	5	0	4521.768555	31.749918	img__0_1587266993216267800.png
1587266993270	-0.734570	253.455215	9.821338	0.725756	0.004971	0.006487	0.687903	1.000000	0.000000	0.000000	5	0	4528.844238	31.801054	img__0_1587266993267637400.png
1587266993326	-0.652695	255.324951	9.811547	0.726083	-0.000786	0.011064	0.687517	1.000000	0.000000	0.000000	5	0	4536.119629	31.860754	img__0_1587266993322989500.png
1587266993376	-0.580000	256.879028	9.787828	0.726207	-0.001425	0.010523	0.687394	1.000000	0.000000	0.000000	5	0	4541.931641	31.914907	img__0_1587266993374634300.png
1587266993427	-0.498711	258.546417	9.756796	0.726265	-0.003702	0.011574	0.687308	1.000000	0.000000	0.000000	5	0	4545.233887	31.960846	img__0_1587266993425475500.png
1587266993475	-0.416484	260.176544	9.715325	0.726257	-0.009237	0.016096	0.687173	1.000000	0.000000	0.000000	5	0	4551.930664	32.001026	img__0_1587266993474277400.png
1587266993527	-0.336289	261.729370	9.662668	0.726237	-0.010496	0.016178	0.687174	1.000000	0.000000	0.000000	5	0	4557.513672	32.045452	img__0_1587266993525171100.png
1587266993577	-0.250703	263.356293	9.604230	0.726206	-0.010886	0.015481	0.687217	1.000000	0.000000	0.000000	5	0	4562.598633	32.085968	img__0_1587266993573690000.png
1587266993625	-0.163359	264.993561	9.545486	0.726167	-0.011430	0.015108	0.687258	1.000000	0.000000	0.000000	5	0	4568.326172	32.127934	img__0_1587266993624146200.png
1587266993676	-0.082305	266.500122	9.492597	0.726130	-0.011538	0.014469	0.687308	1.000000	0.000000	0.000000	5	0	4575.291992	32.169594	img__0_1587266993674882900.png
1587266993727	0.009375	268.193207	9.436543	0.726102	-0.010513	0.012691	0.687390	1.000000	0.000000	0.000000	5	0	4582.920410	32.211494	img__0_1587266993724958400.png
1587266993777	0.097930	269.820709	9.390161	0.726080	-0.008895	0.010507	0.687472	1.000000	0.000000	0.000000	5	0	4592.391113	32.254379	img__0_1587266993775429900.png
1587266993832	0.187930	271.470581	9.353254	0.726064	-0.006687	0.007851	0.687550	1.000000	0.000000	0.000000	5	0	4602.571289	32.304737	img__0_1587266993830132200.png
1587266993889	0.289063	273.321259	9.326386	0.726045	-0.003808	0.004656	0.687621	1.000000	0.000000	0.000000	5	0	4613.270508	32.362621	img__0_1587266993888025200.png
1587266993944	0.389375	275.157196	9.315894	0.726023	-0.000636	0.001291	0.687668	1.000000	0.000000	0.000000	5	0	4623.573730	32.421246	img__0_1587266993942522200.png
1587266993995	0.481172	276.837738	9.321411	0.725998	0.002399	-0.001834	0.687690	1.000000	0.000000	0.000000	5	0	4633.811523	32.479763	img__0_1587266993993274500.png
1587266994044	0.569023	278.446594	9.340734	0.725968	0.005380	-0.004846	0.687691	1.000000	0.000000	0.000000	5	0	4643.032227	32.541050	img__0_1587266994042720400.png
1587266994095	0.657070	280.060944	9.373701	0.725926	0.008381	-0.007808	0.687677	1.000000	0.000000	0.000000	5	0	4651.319824	32.607964	img__0_1587266994093020400.png
1587266994145	0.745859	281.690063	9.420600	0.725877	0.011288	-0.010636	0.687650	1.000000	0.000000	0.000000	5	0	4660.372559	32.678612	img__0_1587266994143218400.png
1587266994195	0.834453	283.316803	9.480823	0.725818	0.014192	-0.013441	0.687609	1.000000	0.000000	0.000000	5	0	4668.619141	32.751892	img__0_1587266994193363700.png
1587266994246	0.923125	284.947845	9.554030	0.725752	0.016982	-0.016109	0.687558	1.000000	0.000000	0.000000	5	0	4676.119141	32.832138	img__0_1587266994244172900.png
1587266994298	1.014375	286.627075	9.642397	0.725678	0.019701	-0.018688	0.687499	1.000000	0.000000	0.000000	5	0	4684.057617	32.916855	img__0_1587266994296097500.png
1587266994345	1.100508	288.214447	9.737420	0.725600	0.022222	-0.021072	0.687435	1.000000	-1.000000	0.000000	5	0	4692.412109	32.996395	img__0_1587266994343985500.png
1587266994393	1.189375	289.831360	9.846240	0.725835	0.025045	-0.023619	0.687007	1.000000	-1.000000	0.000000	5	0	4704.104004	33.076847	img__0_1587266994391536400.png
1587266994443	1.278594	291.393829	9.963788	0.726934	0.028288	-0.026275	0.685621	1.000000	-1.000000	0.000000	5	0	4720.131348	33.155506	img__0_1587266994439455600.png
1587266994492	1.374102	292.964630	10.095060	0.729333	0.031923	-0.028827	0.682806	1.000000	0.000000	0.000000	5	0	4738.068848	33.244450	img__0_1587266994490538200.png
1587266994539	1.476328	294.566833	10.243246	0.732336	0.035730	-0.031407	0.679280	1.000000	0.000000	0.000000	5	0	4749.608398	33.334641	img__0_1587266994538041800.png
1587266994585	1.577070	296.099945	10.398256	0.734787	0.039166	-0.033807	0.676322	1.000000	0.000000	0.000000	5	0	4757.344238	33.426155	img__0_1587266994583712900.png
1587266994648	1.715937	298.114685	10.620192	0.737340	0.043136	-0.036373	0.673161	1.000000	0.000000	0.000000	5	0	4767.822754	33.554543	img__0_1587266994645951500.png
1587266994694	1.831719	299.698883	10.807197	0.738883	0.045928	-0.037998	0.671192	1.000000	0.000000	0.000000	5	0	4775.795410	33.654209	img__0_1587266994692465200.png
1587266994740	1.952422	301.262817	11.001266	0.740057	0.048444	-0.039344	0.669643	1.000000	0.000000	0.000000	5	0	4783.478516	33.755512	img__0_1587266994738298200.png
1587266994786	2.073984	302.760345	11.194554	0.740922	0.050555	-0.040392	0.668466	1.000000	0.000000	0.000000	5	0	4791.002930	33.859093	img__0_1587266994784151500.png
1587266994850	2.245039	304.755463	11.461787	0.741760	0.052882	-0.041485	0.667289	1.000000	0.000000	0.000000	5	0	4801.279785	34.009571	img__0_1587266994848594100.png
1587266994901	2.413047	306.611633	11.718296	0.742285	0.054535	-0.042244	0.666524	1.000000	0.000000	0.000000	5	0	4808.996582	34.129822	img__0_1587266994899738300.png
1587266994952	2.573867	308.315277	11.958467	0.742618	0.055601	-0.042764	0.666032	1.000000	0.000000	0.000000	5	0	4816.849121	34.253170	img__0_1587266994951198700.png
1587266995001	2.736055	309.977417	12.195837	0.742840	0.056251	-0.043143	0.665705	1.000000	1.000000	0.000000	5	0	4823.731445	34.365520	img__0_1587266994997534200.png
1587266995045	2.885625	311.482697	12.412468	0.742658	0.056424	-0.043447	0.665874	1.000000	1.000000	0.000000	5	0	4830.374512	34.476616	img__0_1587266995043254300.png
1587266995092	3.042266	313.072357	12.641588	0.741232	0.055844	-0.043763	0.667489	1.000000	1.000000	0.000000	5	0	4839.641602	34.582355	img__0_1587266995088677600.png
1587266995151	3.231015	315.079163	12.930143	0.736622	0.054251	-0.044794	0.672636	1.000000	0.000000	0.000000	5	0	4857.286133	34.711189	img__0_1587266995147388300.png
1587266995195	3.362617	316.575745	13.144428	0.731526	0.052770	-0.046052	0.678207	1.000000	0.000000	0.000000	5	0	4867.307129	34.814468	img__0_1587266995193585800.png
1587266995242	3.499258	318.205872	13.376268	0.726449	0.050797	-0.046973	0.683728	1.000000	0.000000	0.000000	5	0	4873.564941	34.913288	img__0_1587266995239112600.png
1587266995300	3.659726	320.262970	13.663476	0.721667	0.047452	-0.047008	0.689010	1.000000	0.000000	0.000000	5	0	4885.652344	35.038769	img__0_1587266995298363800.png
1587266995347	3.768242	321.791718	13.872808	0.719012	0.046066	-0.048065	0.691802	1.000000	0.000000	0.000000	5	0	4896.514160	35.139099	img__0_1587266995345226300.png
1587266995392	3.873203	323.417664	14.094462	0.716815	0.044813	-0.049188	0.694081	1.000000	0.000000	0.000000	5	0	4906.427246	35.236790	img__0_1587266995390498300.png
1587266995450	3.994062	325.546997	14.375938	0.714698	0.040683	-0.047671	0.696620	1.000000	0.000000	0.000000	5	0	4920.220215	35.360397	img__0_1587266995449151500.png
1587266995498	4.068906	327.049225	14.568022	0.713611	0.039154	-0.047633	0.697824	1.000000	0.000000	0.000000	5	0	4931.812500	35.461582	img__0_1587266995496009500.png
1587266995542	4.142656	328.711914	14.777270	0.712733	0.038525	-0.048205	0.698716	1.000000	0.000000	0.000000	5	0	4942.266113	35.558865	img__0_1587266995540657300.png
1587266995601	4.223984	330.820862	15.035544	0.711974	0.035918	-0.046457	0.699746	1.000000	0.000000	0.000000	5	0	4953.307129	35.682041	img__0_1587266995599332400.png
1587266995648	4.275586	332.362335	15.217131	0.711500	0.033612	-0.044436	0.700474	1.000000	1.000000	0.000000	5	0	4965.865723	35.774776	img__0_1587266995645780500.png
1587266995693	4.322266	334.034088	15.406473	0.710251	0.033268	-0.044470	0.701755	1.000000	0.000000	0.000000	5	0	4978.268555	35.866119	img__0_1587266995691520600.png
1587266995751	4.371953	336.158356	15.642632	0.708641	0.032298	-0.043503	0.703486	1.000000	0.000000	0.000000	5	0	4987.872559	35.982109	img__0_1587266995749072300.png
1587266995800	4.402539	337.715546	15.808103	0.707829	0.029340	-0.040283	0.704624	1.000000	0.000000	0.000000	5	0	4997.973145	36.073219	img__0_1587266995796487600.png
1587266995857	4.434726	339.702332	16.007833	0.707015	0.028821	-0.039309	0.705517	1.000000	0.000000	0.000000	5	0	5010.008789	36.187218	img__0_1587266995854596500.png
1587266995915	4.461875	341.872803	16.219761	0.706431	0.028385	-0.038193	0.706181	1.000000	0.000000	0.000000	5	0	5020.377441	36.298203	img__0_1587266995914079100.png
1587266995962	4.478789	343.677429	16.386326	0.706172	0.025277	-0.034434	0.706751	1.000000	0.000000	0.000000	5	0	5030.322266	36.382729	img__0_1587266995960359100.png
1587266996007	4.490937	345.413300	16.536507	0.705960	0.024937	-0.033429	0.707022	1.000000	0.000000	0.000000	5	0	5039.503906	36.464748	img__0_1587266996005160600.png
1587266996052	4.499141	346.995697	16.670815	0.705826	0.025319	-0.033170	0.707155	1.000000	0.000000	0.000000	5	0	5047.923340	36.547424	img__0_1587266996051163500.png
1587266996112	4.506562	349.133209	16.842133	0.705797	0.022501	-0.029465	0.707443	1.000000	0.000000	0.000000	5	0	5058.960449	36.647457	img__0_1587266996110494800.png
1587266996158	4.510039	350.863983	16.971029	0.705779	0.021235	-0.027478	0.707580	1.000000	0.000000	0.000000	5	0	5068.097656	36.722496	img__0_1587266996154123700.png
1587266996199	4.511641	352.404572	17.080744	0.705754	0.021551	-0.027168	0.707608	1.000000	0.000000	0.000000	5	0	5076.827637	36.796413	img__0_1587266996198289700.png
1587266996256	4.511992	354.561249	17.228119	0.705791	0.020154	-0.024919	0.707695	1.000000	0.000000	0.000000	5	0	5086.261719	36.887253	img__0_1587266996254981800.png
1587266996316	4.510664	356.611877	17.356714	0.705857	0.017764	-0.021787	0.707796	1.000000	0.000000	0.000000	5	0	5098.081055	36.974918	img__0_1587266996311934900.png
1587266996356	4.508828	358.198364	17.449095	0.705865	0.017976	-0.021471	0.707793	1.000000	0.000000	0.000000	5	0	5106.369141	37.040428	img__0_1587266996353674600.png
1587266996414	4.505625	360.277802	17.564919	0.705912	0.016875	-0.019738	0.707824	1.000000	0.000000	0.000000	5	0	5115.925781	37.125664	img__0_1587266996411693300.png
1587266996455	4.502617	361.882965	17.647255	0.705979	0.014423	-0.016864	0.707886	1.000000	0.000000	0.000000	5	0	5124.570313	37.185665	img__0_1587266996453033300.png
1587266996511	4.498437	363.909515	17.740835	0.705997	0.014334	-0.016294	0.707882	1.000000	0.000000	0.000000	5	0	5135.470703	37.266762	img__0_1587266996510037800.png
1587266996555	4.494727	365.558258	17.814976	0.706010	0.014347	-0.015969	0.707876	1.000000	0.000000	0.000000	5	0	5142.449707	37.327435	img__0_1587266996553067300.png
1587266996611	4.489844	367.623352	17.900320	0.706069	0.011811	-0.013079	0.707924	1.000000	0.000000	0.000000	5	0	5153.112305	37.402760	img__0_1587266996609739800.png
1587266996655	4.485664	369.320801	17.963301	0.706083	0.011423	-0.012441	0.707928	1.000000	0.000000	0.000000	5	0	5161.266113	37.460598	img__0_1587266996653186800.png
1587266996711	4.480547	371.363983	18.036177	0.706089	0.011490	-0.012260	0.707924	1.000000	0.000000	0.000000	5	0	5170.650879	37.534981	img__0_1587266996709891300.png
1587266996754	4.476211	373.059845	18.092525	0.706113	0.010113	-0.010719	0.707946	1.000000	0.000000	0.000000	5	0	5178.322266	37.589355	img__0_1587266996752519700.png
1587266996810	4.471015	375.080994	18.154722	0.706125	0.009444	-0.009888	0.707956	1.000000	0.000000	0.000000	5	0	5188.458008	37.659584	img__0_1587266996808683200.png
1587266996854	4.466719	376.740082	18.203569	0.706123	0.009541	-0.009880	0.707955	1.000000	0.000000	0.000000	5	0	5196.126953	37.715466	img__0_1587266996852837400.png
1587266996908	4.461289	378.832092	18.262354	0.706134	0.008663	-0.008900	0.707970	1.000000	0.000000	0.000000	5	0	5204.723633	37.781487	img__0_1587266996906966500.png
1587266996950	4.457070	380.417450	18.303991	0.706141	0.007849	-0.008025	0.707982	1.000000	0.000000	0.000000	5	0	5212.087891	37.831654	img__0_1587266996948690700.png
1587266997005	4.451719	382.478699	18.354551	0.706138	0.007852	-0.007966	0.707986	1.000000	0.000000	0.000000	5	0	5221.283203	37.897121	img__0_1587266997002664900.png
1587266997058	4.446328	384.511444	18.402275	0.706140	0.007253	-0.007323	0.707997	1.000000	0.000000	0.000000	5	0	5229.446289	37.961040	img__0_1587266997056746300.png
1587266997099	4.442187	386.097565	18.437237	0.706144	0.006493	-0.006539	0.708008	1.000000	0.000000	0.000000	5	0	5236.411621	38.008640	img__0_1587266997097679500.png
1587266997153	4.436758	388.146637	18.479256	0.706140	0.006450	-0.006472	0.708014	1.000000	0.000000	0.000000	5	0	5245.417480	38.072239	img__0_1587266997151668700.png
1587266997208	4.431250	390.227661	18.520643	0.706137	0.006150	-0.006156	0.708022	1.000000	0.000000	0.000000	5	0	5253.333496	38.134556	img__0_1587266997206905700.png
1587266997250	4.427070	391.823639	18.550478	0.706138	0.005400	-0.005400	0.708033	1.000000	0.000000	0.000000	5	0	5260.014160	38.181042	img__0_1587266997248014000.png
1587266997311	4.421016	394.081879	18.589386	0.706133	0.005277	-0.005269	0.708040	1.000000	0.000000	0.000000	5	0	5269.766602	38.250286	img__0_1587266997309875300.png
1587266997356	4.416367	395.831177	18.618752	0.706129	0.005140	-0.005128	0.708046	1.000000	0.000000	0.000000	5	0	5275.801270	38.298515	img__0_1587266997352514100.png
1587266997408	4.410937	397.851959	18.650408	0.706128	0.004377	-0.004365	0.708057	1.000000	0.000000	0.000000	5	0	5284.044434	38.357212	img__0_1587266997406287400.png
1587266997449	4.406641	399.452759	18.673622	0.706124	0.004291	-0.004278	0.708062	1.000000	0.000000	0.000000	5	0	5290.295410	38.402157	img__0_1587266997447394400.png
1587266997506	4.401093	401.526764	18.703003	0.706119	0.004259	-0.004247	0.708068	1.000000	0.000000	0.000000	5	0	5298.075195	38.462391	img__0_1587266997502792000.png
1587266997565	4.395039	403.754059	18.732422	0.706116	0.003556	-0.003546	0.708078	1.000000	0.000000	0.000000	5	0	5306.694336	38.525051	img__0_1587266997561307800.png
1587266997608	4.390274	405.503693	18.753706	0.706112	0.003464	-0.003454	0.708083	1.000000	0.000000	0.000000	5	0	5313.307617	38.573185	img__0_1587266997606403400.png
1587266997653	4.385429	407.268738	18.774729	0.706107	0.003476	-0.003467	0.708088	1.000000	0.000000	0.000000	5	0	5319.623535	38.622158	img__0_1587266997651623000.png
1587266997705	4.379961	409.268127	18.797127	0.706104	0.002979	-0.002972	0.708096	1.000000	0.000000	0.000000	5	0	5326.886230	38.676601	img__0_1587266997703885700.png
1587266997760	4.374102	411.387024	18.819029	0.706099	0.002775	-0.002769	0.708102	1.000000	0.000000	0.000000	5	0	5334.653320	38.733627	img__0_1587266997758795600.png
1587266997802	4.369531	413.025665	18.835407	0.706095	0.002788	-0.002783	0.708107	1.000000	0.000000	0.000000	5	0	5340.294922	38.777271	img__0_1587266997800495700.png
1587266997853	4.363750	415.078400	18.854759	0.706090	0.002407	-0.002404	0.708113	1.000000	0.000000	0.000000	5	0	5347.261230	38.830635	img__0_1587266997850720800.png
1587266997907	4.358125	417.086243	18.872305	0.706086	0.002197	-0.002193	0.708120	0.000000	0.000000	0.000000	5	0	5315.704102	38.884869	img__0_1587266997905061900.png
1587266997958	4.352344	419.132813	18.889418	0.706080	0.002210	-0.002206	0.708125	0.000000	0.000000	0.000000	5	0	5004.428711	38.932880	img__0_1587266997956255000.png
1587266998010	4.346719	421.117767	18.905088	0.706076	0.001923	-0.001920	0.708131	0.000000	0.000000	0.000000	5	0	4475.159668	38.963314	img__0_1587266998008752100.png
1587266998050	4.342148	422.724884	18.916998	0.706072	0.001789	-0.001786	0.708135	0.000000	0.000000	0.000000	5	0	4131.453613	38.966774	img__0_1587266998048420100.png
1587266998102	4.336406	424.732635	18.931198	0.706069	0.002043	-0.002039	0.708138	-1.000000	0.000000	0.000000	-1	0	3488.780762	38.676292	img__0_1587266998100270900.png
1587266998156	4.330703	426.708435	18.944750	0.706069	0.002577	-0.002570	0.708133	-1.000000	0.000000	0.000000	-1	0	3226.681641	38.288219	img__0_1587266998152316100.png
1587266998206	4.325234	428.606628	18.956903	0.706076	0.002992	-0.002982	0.708123	-1.000000	0.000000	0.000000	-1	0	3143.510742	37.914368	img__0_1587266998203060500.png
1587266998255	4.319453	430.636566	18.969110	0.706088	0.003548	-0.003533	0.708107	-1.000000	0.000000	0.000000	-1	0	3159.509766	37.537960	img__0_1587266998253730400.png
1587266998306	4.314140	432.489288	18.979811	0.706103	0.003839	-0.003818	0.708089	-1.000000	0.000000	0.000000	-1	0	3173.383545	37.165028	img__0_1587266998303883000.png
1587266998355	4.308789	434.353516	18.989925	0.706121	0.003998	-0.003968	0.708069	-1.000000	0.000000	0.000000	-1	0	3188.670654	36.792454	img__0_1587266998354047200.png
1587266998408	4.303360	436.263184	18.999628	0.706140	0.004285	-0.004245	0.708047	-1.000000	0.000000	0.000000	-1	0	3204.203857	36.409119	img__0_1587266998406132700.png
1587266998456	4.298281	438.066345	19.008566	0.706159	0.004461	-0.004410	0.708026	-1.000000	0.000000	0.000000	-1	0	3216.645264	36.046314	img__0_1587266998454858400.png
1587266998507	4.293359	439.838806	19.016893	0.706179	0.004480	-0.004417	0.708005	-1.000000	0.000000	0.000000	-1	0	3230.617188	35.673874	img__0_1587266998505522600.png
1587266998564	4.288008	441.819977	19.025585	0.706200	0.004638	-0.004562	0.707982	-1.000000	0.000000	0.000000	-1	0	3245.570557	35.267647	img__0_1587266998560082800.png
1587266998606	4.284062	443.263885	19.031834	0.706216	0.004727	-0.004641	0.707965	0.000000	0.000000	0.000000	0	0	3362.928467	35.023182	img__0_1587266998602216200.png
1587266998658	4.279023	445.144196	19.039482	0.706240	0.004361	-0.004263	0.707946	0.000000	0.000000	0.000000	0	0	3371.608643	34.904892	img__0_1587266998656279000.png
1587266998707	4.274453	446.902405	19.046207	0.706261	0.003863	-0.003755	0.707931	0.000000	0.000000	0.000000	0	0	3314.140381	34.862835	img__0_1587266998705708400.png
1587266998755	4.270156	448.595184	19.052490	0.706277	0.003444	-0.003328	0.707920	0.000000	0.000000	0.000000	0	0	3259.092529	34.833744	img__0_1587266998753762400.png
1587266998805	4.265937	450.288666	19.058676	0.706289	0.003041	-0.002918	0.707911	0.000000	0.000000	0.000000	0	0	3203.154053	34.806011	img__0_1587266998803358700.png
1587266998855	4.261758	451.997498	19.064758	0.706299	0.002660	-0.002532	0.707904	0.000000	0.000000	0.000000	0	0	3149.909180	34.779533	img__0_1587266998851556900.png
1587266998905	4.257695	453.687561	19.070587	0.706306	0.002458	-0.002328	0.707898	-1.000000	0.000000	0.000000	-1	0	2694.485352	34.573921	img__0_1587266998901087600.png
1587266998951	4.253555	455.418152	19.076729	0.706311	0.002805	-0.002674	0.707891	-1.000000	0.000000	0.000000	-1	0	2441.069580	34.215389	img__0_1587266998949789000.png
1587266999001	4.249531	457.143188	19.082762	0.706318	0.003152	-0.003024	0.707881	-1.000000	0.000000	0.000000	-1	0	2331.957520	33.858299	img__0_1587266998999479600.png
1587266999049	4.245859	458.716003	19.088146	0.706327	0.003413	-0.003287	0.707869	-1.000000	0.000000	0.000000	-1	0	2340.369385	33.522259	img__0_1587266999047455100.png
1587266999109	4.241367	460.694519	19.094809	0.706342	0.003705	-0.003584	0.707852	-1.000000	0.000000	0.000000	-1	0	2368.493652	33.157532	img__0_1587266999107241900.png
1587266999146	4.238554	461.941681	19.098961	0.706353	0.003777	-0.003659	0.707840	-1.000000	0.000000	0.000000	-1	0	2381.238281	32.886387	img__0_1587266999143833600.png
1587266999204	4.234336	463.837128	19.105268	0.706371	0.003888	-0.003771	0.707821	0.000000	0.000000	0.000000	0	0	2530.800293	32.614254	img__0_1587266999202165700.png
1587266999252	4.230820	465.439331	19.110441	0.706388	0.003623	-0.003508	0.707807	0.000000	0.000000	0.000000	0	0	2521.747070	32.546822	img__0_1587266999250171200.png
1587266999300	4.227578	466.957184	19.115320	0.706402	0.003266	-0.003151	0.707796	0.000000	0.000000	0.000000	0	0	2481.166016	32.516361	img__0_1587266999298639900.png
1587266999348	4.224219	468.530365	19.120426	0.706413	0.002917	-0.002802	0.707788	0.000000	0.000000	0.000000	0	0	2439.232422	32.490608	img__0_1587266999345998800.png
1587266999404	4.220469	470.377838	19.126539	0.706423	0.002591	-0.002475	0.707780	-1.000000	0.000000	0.000000	-1	0	2186.392334	32.461842	img__0_1587266999402849200.png
1587266999451	4.217500	471.870178	19.131674	0.706429	0.002617	-0.002502	0.707775	-1.000000	0.000000	0.000000	-1	0	1939.291138	32.153992	img__0_1587266999449684100.png
1587266999499	4.214453	473.390289	19.137133	0.706434	0.002997	-0.002883	0.707766	-1.000000	0.000000	0.000000	-1	0	1793.328613	31.807234	img__0_1587266999496739700.png
1587266999551	4.211250	475.027252	19.143126	0.706443	0.003369	-0.003258	0.707755	-1.000000	0.000000	0.000000	-1	0	1771.730103	31.436831	img__0_1587266999549326400.png
1587266999597	4.208320	476.533813	19.148746	0.706454	0.003650	-0.003541	0.707741	-1.000000	0.000000	0.000000	-1	0	1804.345947	31.121210	img__0_1587266999595920400.png
1587266999655	4.205000	478.266907	19.155378	0.706468	0.003942	-0.003836	0.707724	-1.000000	0.000000	0.000000	-1	0	1843.098999	30.731831	img__0_1587266999651455600.png
1587266999700	4.202461	479.626617	19.160715	0.706481	0.004137	-0.004033	0.707709	-1.000000	0.000000	0.000000	-1	0	1873.274658	30.422340	img__0_1587266999696513700.png
1587266999755	4.199180	481.374390	19.167776	0.706498	0.004361	-0.004257	0.707689	-1.000000	0.000000	0.000000	-1	0	1911.355469	30.022640	img__0_1587266999753256600.png
1587266999800	4.196758	482.709320	19.173340	0.706512	0.004513	-0.004409	0.707673	-1.000000	0.000000	0.000000	-1	0	1940.034668	29.714506	img__0_1587266999799008500.png
1587266999846	4.194336	484.078979	19.179214	0.706527	0.004656	-0.004550	0.707656	-1.000000	0.000000	0.000000	-1	0	1969.858276	29.387775	img__0_1587266999844203300.png
1587266999904	4.191367	485.780884	19.186771	0.706545	0.004821	-0.004713	0.707636	-1.000000	0.000000	0.000000	-1	0	2006.360596	28.977287	img__0_1587266999902560100.png
1587266999949	4.189102	487.130524	19.192987	0.706560	0.004942	-0.004832	0.707619	-1.000000	0.000000	0.000000	-1	0	2032.954956	28.670492	img__0_1587266999947375000.png
1587267000005	4.186563	488.670013	19.200329	0.706578	0.005073	-0.004960	0.707600	-1.000000	0.000000	0.000000	-1	0	2066.241211	28.277529	img__0_1587267000002861000.png
1587267000054	4.184336	490.038727	19.207102	0.706593	0.005184	-0.005070	0.707583	-1.000000	0.000000	0.000000	-1	0	2094.698242	27.932034	img__0_1587267000051455800.png
1587267000104	4.182227	491.409821	19.214130	0.706608	0.005293	-0.005177	0.707566	-1.000000	0.000000	0.000000	-1	0	2122.601563	27.584763	img__0_1587267000100784100.png
1587267000162	4.180156	492.789948	19.221470	0.706624	0.005402	-0.005284	0.707549	-1.000000	0.000000	0.000000	-1	0	2153.941162	27.182560	img__0_1587267000158032700.png
1587267000201	4.178320	494.071869	19.228537	0.706639	0.005500	-0.005382	0.707533	-1.000000	0.000000	0.000000	-1	0	2176.426270	26.886497	img__0_1587267000198886000.png
1587267000249	4.176875	495.092346	19.234343	0.706651	0.005578	-0.005459	0.707520	-1.000000	0.000000	0.000000	-1	0	2192.344238	26.672482	img__0_1587267000247597800.png
1587267000291	4.174726	496.623413	19.243374	0.706668	0.005699	-0.005579	0.707500	-1.000000	0.000000	0.000000	-1	0	2221.702393	26.267439	img__0_1587267000288484400.png
1587267000348	4.172852	498.040375	19.252089	0.706685	0.005810	-0.005690	0.707482	-1.000000	0.000000	0.000000	-1	0	2250.282227	25.859886	img__0_1587267000345092900.png
1587267000412	4.170977	499.570618	19.261902	0.706703	0.005933	-0.005814	0.707462	-1.000000	0.000000	0.000000	-1	0	2281.009033	25.404203	img__0_1587267000409453200.png
1587267000450	4.169648	500.601837	19.268764	0.706704	0.006015	-0.005901	0.707459	-1.000000	1.000000	0.000000	-1	0	2300.046631	25.113935	img__0_1587267000448220500.png
1587267000504	4.166289	501.874237	19.277521	0.706181	0.006026	-0.006104	0.707980	-1.000000	1.000000	0.000000	-1	0	2323.777100	24.757526	img__0_1587267000499064700.png
1587267000553	4.157148	503.160370	19.286703	0.704130	0.005812	-0.006539	0.710017	-1.000000	1.000000	0.000000	-1	0	2349.948975	24.389057	img__0_1587267000551334500.png
1587267000599	4.140390	504.329529	19.295355	0.700386	0.005376	-0.007195	0.713708	-1.000000	1.000000	0.000000	-1	0	2375.596191	24.059650	img__0_1587267000597806000.png
1587267000656	4.105859	505.677795	19.305712	0.693386	0.004547	-0.008322	0.720504	-1.000000	1.000000	0.000000	-1	0	2411.143555	23.654049	img__0_1587267000653754200.png
1587267000704	4.064726	506.704132	19.313873	0.685943	0.003669	-0.009478	0.727585	-1.000000	1.000000	0.000000	-1	0	2446.439453	23.303253	img__0_1587267000701482000.png
1587267000754	3.995039	507.910736	19.323792	0.674780	0.002374	-0.011204	0.737930	-1.000000	1.000000	0.000000	-1	0	2489.529541	22.916071	img__0_1587267000752045500.png
1587267000814	3.894766	509.136353	19.334232	0.660710	0.000799	-0.013387	0.750522	-1.000000	1.000000	0.000000	-1	0	2547.906738	22.460022	img__0_1587267000811655700.png
1587267000860	3.793867	510.097290	19.342676	0.648032	-0.000432	-0.015222	0.761461	-1.000000	1.000000	0.000000	-1	0	2592.218750	22.124981	img__0_1587267000851066900.png
1587267000954	3.526602	511.980896	19.359961	0.619636	-0.002887	-0.019306	0.784647	-1.000000	1.000000	0.000000	-1	0	2701.958496	21.293764	img__0_1587267000948519600.png
1587267001024	3.251445	513.438965	19.374020	0.595513	-0.004454	-0.022459	0.803020	-1.000000	1.000000	0.000000	-1	0	2781.838867	20.686098	img__0_1587267001016972800.png
1587267001067	2.971328	514.643372	19.386127	0.574627	-0.005575	-0.025141	0.818010	-1.000000	1.000000	0.000000	-1	0	2834.553223	20.283508	img__0_1587267001065126700.png
1587267001123	2.767578	515.406677	19.390957	0.560929	-0.007140	-0.025579	0.827438	-1.000000	1.000000	0.000000	-1	0	2901.475342	19.810738	img__0_1587267001117107500.png
1587267001180	2.367851	516.708069	19.396078	0.538119	-0.010869	-0.025684	0.842407	-1.000000	1.000000	0.000000	-1	0	2974.572266	19.346169	img__0_1587267001174410900.png
1587267001238	2.041445	517.642273	19.396894	0.522025	-0.010857	-0.026041	0.852463	-1.000000	1.000000	0.000000	-1	0	3029.399170	18.845964	img__0_1587267001229803500.png
1587267001313	1.534609	518.895874	19.394869	0.498970	-0.010353	-0.027962	0.866106	-1.000000	1.000000	0.000000	-1	0	3118.225586	18.092859	img__0_1587267001311193900.png
1587267001372	1.027930	519.983459	19.394226	0.478205	-0.010109	-0.029232	0.877703	-1.000000	1.000000	0.000000	-1	0	3170.188477	17.626020	img__0_1587267001364928200.png
1587267001428	0.553594	520.888672	19.393826	0.460582	-0.009776	-0.030135	0.887051	-1.000000	1.000000	0.000000	-1	0	3221.632813	17.150503	img__0_1587267001421508000.png
1587267001487	0.039687	521.766174	19.393526	0.443031	-0.009331	-0.030835	0.895927	-1.000000	1.000000	0.000000	-1	0	3281.422119	16.572521	img__0_1587267001485075000.png
1587267001546	-0.492812	522.587036	19.393314	0.426033	-0.008764	-0.031266	0.904125	-1.000000	1.000000	0.000000	-1	0	3329.106689	16.074440	img__0_1587267001544943100.png
1587267001594	-0.898438	523.159973	19.393194	0.413656	-0.008282	-0.031424	0.909853	-1.000000	1.000000	0.000000	-1	0	3361.047363	15.716654	img__0_1587267001589122000.png
1587267001654	-1.478477	523.909607	19.393057	0.396531	-0.007515	-0.031422	0.917453	-1.000000	1.000000	0.000000	-1	0	3406.710693	15.155124	img__0_1587267001652188200.png
1587267001703	-1.945273	524.461487	19.392981	0.383009	-0.006849	-0.031248	0.923191	-1.000000	1.000000	0.000000	-1	0	3435.139160	14.748402	img__0_1587267001700042600.png
1587267001753	-2.450039	525.012024	19.392918	0.368445	-0.006085	-0.030904	0.929116	-1.000000	1.000000	0.000000	-1	0	3461.649170	14.320694	img__0_1587267001750094100.png
1587267001814	-2.807266	525.375549	19.392885	0.358085	-0.005529	-0.030585	0.933172	-1.000000	1.000000	0.000000	-1	0	3480.266602	13.954547	img__0_1587267001810845200.png
1587267002364	-4.038359	526.465027	19.394758	0.317558	-0.003335	-0.028960	0.947791	1.000000	1.000000	0.000000	0	0	4254.164063	13.442728	img__0_1587267002362107900.png
1587267002423	-5.714023	527.634338	19.329260	0.256609	-0.028925	-0.009158	0.966039	1.000000	1.000000	0.000000	0	0	4571.430664	13.329821	img__0_1587267002422213400.png
1587267002710	-6.526367	528.009399	19.291882	0.204575	-0.012266	0.010004	0.978723	1.000000	1.000000	0.000000	0	0	5185.928711	8.307804	img__0_1587267002708378600.png
1587267002763	-7.338242	528.153931	19.306347	0.125402	-0.001287	0.035375	0.991474	1.000000	1.000000	0.000000	0	0	5575.076660	8.304404	img__0_1587267002762035300.png
1587267002901	-8.176328	528.205688	19.311689	0.058546	-0.000595	0.043668	0.997329	1.000000	1.000000	0.000000	0	0	5958.437500	8.248912	img__0_1587267002899632900.png
1587267002964	-9.012109	528.154602	19.314917	0.005700	0.001919	-0.044541	-0.998989	1.000000	1.000000	0.000000	0	0	6260.266602	8.188548	img__0_1587267002962497500.png
1587267002994	-9.666055	528.042175	19.316559	0.056250	0.003353	-0.043542	-0.997461	1.000000	1.000000	0.000000	0	0	6250.217773	8.148952	img__0_1587267002992785400.png
1587267003053	-10.335078	527.859070	19.317684	0.107968	0.004995	-0.042307	-0.993241	1.000000	0.000000	0.000000	0	0	6053.556641	8.156356	img__0_1587267003051724800.png
1587267003101	-10.766211	527.713684	19.318207	0.136418	0.006066	-0.042225	-0.989732	1.000000	0.000000	0.000000	1	0	5871.954102	8.161649	img__0_1587267003098125000.png
1587267003149	-11.112148	527.585022	19.318487	0.155463	0.006981	-0.042552	-0.986900	1.000000	0.000000	0.000000	1	0	6000.705566	8.270452	img__0_1587267003145581600.png
1587267003198	-11.443749	527.455017	19.321880	0.168943	0.006243	-0.042799	-0.984676	1.000000	0.000000	0.000000	1	0	6154.699707	8.302791	img__0_1587267003194903400.png
1587267003421	-12.612812	527.004211	19.341919	0.181403	-0.002007	-0.040810	-0.982559	1.000000	-1.000000	0.000000	1	0	6629.422363	8.502430	img__0_1587267003419024500.png
1587267003462	-13.570000	526.675171	19.353750	0.167859	-0.001532	-0.037693	-0.985089	1.000000	-1.000000	0.000000	1	0	6857.928711	8.791257	img__0_1587267003459586900.png
1587267003507	-14.052813	526.525330	19.365431	0.156014	0.000470	-0.031971	-0.987237	1.000000	-1.000000	0.000000	1	0	6945.866699	8.894070	img__0_1587267003503791800.png
1587267003549	-14.391523	526.434937	19.371008	0.145927	0.000576	-0.028624	-0.988881	1.000000	-1.000000	0.000000	1	0	7027.033203	8.986350	img__0_1587267003544941300.png
1587267003600	-14.876758	526.327148	19.376795	0.128139	0.000489	-0.024999	-0.991441	1.000000	-1.000000	0.000000	1	0	7123.553223	9.090583	img__0_1587267003598077800.png
1587267003660	-15.526445	526.222839	19.382519	0.098540	0.000349	-0.021853	-0.994893	1.000000	-1.000000	0.000000	1	0	7254.231445	9.214336	img__0_1587267003655610700.png
1587267003725	-15.941015	526.182617	19.385527	0.076305	0.000214	-0.020674	-0.996870	1.000000	-1.000000	0.000000	1	0	7366.323242	9.301406	img__0_1587267003722976800.png
1587267003758	-16.319139	526.165283	19.387951	0.053843	0.000060	-0.020114	-0.998347	1.000000	0.000000	0.000000	1	0	7430.195801	9.365801	img__0_1587267003754952800.png
1587267003812	-16.830000	526.165955	19.390259	0.023335	-0.000094	-0.019606	-0.999535	1.000000	0.000000	0.000000	1	0	7500.002930	9.524049	img__0_1587267003808341000.png
1587267003867	-17.467733	526.190002	19.392469	0.007803	0.000033	0.018424	0.999800	1.000000	0.000000	0.000000	1	0	7500.002930	9.740714	img__0_1587267003863133800.png
1587267003911	-17.881718	526.213074	19.393572	0.021664	-0.000089	0.017189	0.999618	1.000000	1.000000	0.000000	1	0	7500.002930	9.881995	img__0_1587267003909059400.png
1587267003974	-18.493477	526.247986	19.394855	0.031636	-0.000379	0.014590	0.999393	1.000000	1.000000	0.000000	0	0	7500.002930	10.047774	img__0_1587267003971207800.png
1587267004017	-18.811758	526.264099	19.395405	0.032499	-0.000518	0.012968	0.999387	1.000000	1.000000	0.000000	0	0	7428.390625	10.059080	img__0_1587267004015540300.png
1587267004060	-19.256874	526.283020	19.396063	0.030203	-0.000484	0.010611	0.999487	1.000000	1.000000	0.000000	0	0	7306.212402	10.040687	img__0_1587267004058215500.png
1587267004348	-20.553827	526.326660	19.397449	0.019051	-0.000687	0.004721	0.999807	1.000000	0.000000	0.000000	2	0	6585.761230	10.568790	img__0_1587267004346294800.png
1587267004452	-22.371485	526.389404	19.398075	0.016116	-0.001860	0.001169	0.999868	1.000000	0.000000	0.000000	2	0	6492.496094	10.957077	img__0_1587267004443621600.png
1587267004500	-22.960585	526.408997	19.398195	0.016045	-0.002059	0.000657	0.999869	1.000000	1.000000	0.000000	2	0	6447.763184	11.158094	img__0_1587267004498541200.png
1587267004552	-23.527225	526.425354	19.398291	0.015099	-0.002203	0.000177	0.999884	1.000000	1.000000	0.000000	2	0	6408.581055	11.351367	img__0_1587267004548697800.png
1587267004607	-24.187069	526.435669	19.398394	0.010824	-0.002313	-0.000690	0.999938	1.000000	1.000000	0.000000	2	0	6375.083984	11.536725	img__0_1587267004605079100.png
1587267004657	-24.780781	526.435364	19.398460	0.004302	-0.002369	-0.001623	0.999987	1.000000	0.000000	0.000000	2	0	6341.544922	11.722015	img__0_1587267004654521600.png
1587267004705	-25.342499	526.434021	19.398508	0.000278	0.002422	0.002058	-0.999995	1.000000	0.000000	0.000000	2	0	6312.044922	11.895610	img__0_1587267004702694800.png
1587267004760	-25.997929	526.432739	19.398554	0.002837	0.002471	0.002173	-0.999991	1.000000	0.000000	0.000000	2	0	6278.747070	12.096397	img__0_1587267004757939000.png
1587267004817	-26.707655	526.429871	19.398590	0.003984	0.002504	0.002134	-0.999987	1.000000	0.000000	0.000000	2	0	6246.914551	12.303662	img__0_1587267004815151300.png
1587267004867	-27.366640	526.425781	19.398621	0.004394	0.002526	0.002000	-0.999985	1.000000	0.000000	0.000000	2	0	6221.891113	12.480781	img__0_1587267004865092100.png
1587267004913	-27.906874	526.421814	19.398640	0.004520	0.002536	0.001836	-0.999985	1.000000	0.000000	0.000000	2	0	6200.200684	12.647506	img__0_1587267004910854700.png
1587267004958	-28.471327	526.416931	19.398657	0.004713	0.002539	0.001667	-0.999984	1.000000	1.000000	0.000000	2	0	6182.156250	12.805230	img__0_1587267004955680100.png
1587267005005	-29.065975	526.408142	19.398676	0.006224	0.002525	0.001685	-0.999976	1.000000	1.000000	0.000000	2	0	6168.587402	12.952302	img__0_1587267005003253300.png
1587267005063	-29.809023	526.388000	19.398703	0.011225	0.002473	0.002120	-0.999932	1.000000	0.000000	0.000000	2	0	6154.637695	13.138106	img__0_1587267005061207600.png
1587267005109	-30.441795	526.364136	19.398724	0.016780	0.002427	0.002564	-0.999853	1.000000	0.000000	0.000000	0	0	6142.572266	13.243501	img__0_1587267005106346900.png
1587267005154	-31.025078	526.342224	19.398804	0.020016	0.002166	0.002639	-0.999794	1.000000	0.000000	0.000000	0	0	6045.202148	13.242565	img__0_1587267005152495800.png
1587267005211	-31.795078	526.312439	19.398945	0.022072	0.001689	0.002542	-0.999752	1.000000	0.000000	0.000000	0	0	5928.813965	13.231960	img__0_1587267005208891500.png
1587267005255	-32.387615	526.287964	19.399036	0.022810	0.001379	0.002422	-0.999736	1.000000	1.000000	0.000000	3	0	5516.041992	13.288423	img__0_1587267005251199300.png
1587267005320	-33.211876	526.249207	19.398998	0.024455	0.001528	0.002407	-0.999697	1.000000	1.000000	0.000000	3	0	5407.875488	13.480460	img__0_1587267005316534300.png
1587267005358	-33.723671	526.219604	19.398956	0.027117	0.001667	0.002624	-0.999627	1.000000	1.000000	0.000000	3	0	5334.443848	13.633132	img__0_1587267005354825900.png
1587267005416	-34.587811	526.156189	19.398920	0.035363	0.001764	0.003417	-0.999367	1.000000	1.000000	0.000000	3	0	5251.659668	13.814214	img__0_1587267005414038600.png
1587267005461	-35.154610	526.102356	19.398909	0.043690	0.001747	0.004271	-0.999034	1.000000	1.000000	0.000000	3	0	5196.806152	13.941332	img__0_1587267005459121000.png
1587267005507	-35.805115	526.026062	19.398907	0.056044	0.001638	0.005552	-0.998411	1.000000	1.000000	0.000000	3	0	5151.086914	14.053004	img__0_1587267005503412200.png
1587267005565	-36.638203	525.901062	19.398912	0.076037	0.001347	0.007642	-0.997075	1.000000	0.000000	0.000000	3	0	5097.359863	14.193807	img__0_1587267005562861700.png
1587267005607	-37.210899	525.798340	19.398909	0.090768	0.001143	0.009053	-0.995830	1.000000	0.000000	0.000000	3	0	5051.817871	14.315052	img__0_1587267005604908800.png
1587267005664	-38.033592	525.634399	19.398891	0.108693	0.000929	0.010457	-0.994020	1.000000	0.000000	0.000000	3	0	4984.622070	14.493418	img__0_1587267005660764400.png
1587267005711	-38.647575	525.503967	19.398886	0.117582	0.000843	0.010887	-0.993003	1.000000	-1.000000	0.000000	3	0	4936.023926	14.628566	img__0_1587267005708631100.png
1587267005763	-39.354763	525.347778	19.398884	0.122651	0.000842	0.010810	-0.992391	1.000000	-1.000000	0.000000	3	0	4883.589355	14.784504	img__0_1587267005760959300.png
1587267005818	-40.141014	525.171570	19.398886	0.122336	0.000965	0.009986	-0.992438	1.000000	-1.000000	0.000000	3	0	4835.474121	14.942253	img__0_1587267005815435600.png
1587267005867	-40.929100	524.999268	19.398890	0.116528	0.001194	0.008414	-0.993151	1.000000	-1.000000	0.000000	3	0	4799.142090	15.076644	img__0_1587267005865045600.png
1587267005918	-41.442852	524.893127	19.398893	0.110032	0.001389	0.006931	-0.993903	1.000000	-1.000000	0.000000	3	0	4781.800781	15.149451	img__0_1587267005913973900.png
1587267005967	-42.404140	524.709900	19.398876	0.094748	0.001790	0.003728	-0.995493	1.000000	0.000000	0.000000	3	0	4733.161621	15.347532	img__0_1587267005964287500.png
1587267006014	-43.067146	524.589661	19.398855	0.085907	0.002004	0.001860	-0.996299	1.000000	0.000000	0.000000	3	0	4703.102051	15.476201	img__0_1587267006012331400.png
1587267006065	-43.838673	524.453125	19.398842	0.079602	0.002157	0.000160	-0.996824	1.000000	0.000000	0.000000	3	0	4673.577637	15.610881	img__0_1587267006061113900.png
1587267006107	-44.387810	524.358948	19.398838	0.076939	0.002229	-0.000815	-0.997033	1.000000	0.000000	0.000000	3	0	4658.970703	15.682475	img__0_1587267006104296900.png
1587267006168	-45.541248	524.169495	19.398840	0.074055	0.002317	-0.002302	-0.997249	1.000000	0.000000	0.000000	3	0	4620.215332	15.898383	img__0_1587267006164389900.png
1587267006216	-46.251015	524.057556	19.398846	0.073301	0.002337	-0.002852	-0.997303	1.000000	0.000000	0.000000	3	0	4601.635742	16.018894	img__0_1587267006211830300.png
1587267006256	-46.922577	523.953918	19.398851	0.072941	0.002339	-0.003122	-0.997329	1.000000	0.000000	0.000000	3	0	4586.238770	16.130962	img__0_1587267006254511600.png
1587267006314	-47.885429	523.807861	19.398859	0.072745	0.002316	-0.003170	-0.997343	1.000000	0.000000	0.000000	3	0	4568.571777	16.279600	img__0_1587267006310615700.png
1587267006356	-48.496445	523.716309	19.398867	0.072720	0.002288	-0.003043	-0.997345	1.000000	0.000000	0.000000	3	0	4557.844727	16.385702	img__0_1587267006352688200.png
1587267006415	-49.376873	523.585327	19.398876	0.072740	0.002241	-0.002733	-0.997345	1.000000	1.000000	0.000000	3	0	4545.830566	16.531864	img__0_1587267006411193500.png
1587267006455	-50.146797	523.469604	19.398884	0.073478	0.002184	-0.002271	-0.997292	1.000000	1.000000	0.000000	3	0	4540.541992	16.634609	img__0_1587267006453606300.png
1587267006510	-50.854530	523.359375	19.398893	0.075708	0.002111	-0.001609	-0.997127	1.000000	0.000000	0.000000	3	0	4537.134277	16.726042	img__0_1587267006507434900.png
1587267006557	-51.821014	523.207397	19.398903	0.078540	0.002032	-0.000856	-0.996908	1.000000	0.000000	0.000000	3	0	4531.706055	16.880720	img__0_1587267006554925800.png
1587267006616	-52.822109	523.049377	19.398909	0.080050	0.001966	-0.000289	-0.996789	1.000000	0.000000	0.000000	3	0	4529.008301	17.023531	img__0_1587267006612766600.png
1587267006661	-53.514999	522.939026	19.398914	0.080629	0.001926	0.000027	-0.996742	1.000000	0.000000	0.000000	3	0	4528.652832	17.131989	img__0_1587267006659609500.png
1587267006703	-54.350857	522.804871	19.398920	0.081027	0.001881	0.000340	-0.996710	1.000000	0.000000	0.000000	3	0	4529.522461	17.231148	img__0_1587267006701049300.png
1587267006770	-55.376873	522.638916	19.398928	0.081267	0.001839	0.000597	-0.996690	1.000000	0.000000	0.000000	3	0	4533.005859	17.382889	img__0_1587267006766979600.png
1587267006816	-56.186172	522.507263	19.398933	0.081355	0.001813	0.000710	-0.996683	1.000000	0.000000	0.000000	3	0	4536.979492	17.491081	img__0_1587267006814605200.png
1587267006861	-56.921638	522.387207	19.398937	0.081394	0.001795	0.000756	-0.996680	1.000000	0.000000	0.000000	3	0	4542.038086	17.597145	img__0_1587267006857117300.png
1587267006907	-57.777733	522.247192	19.398941	0.081413	0.001778	0.000758	-0.996679	1.000000	0.000000	0.000000	3	0	4547.504395	17.692654	img__0_1587267006902200900.png
1587267006963	-58.766872	522.085083	19.398947	0.081417	0.001764	0.000714	-0.996678	1.000000	0.000000	0.000000	3	0	4556.229980	17.822023	img__0_1587267006959741600.png
1587267007014	-59.713123	521.929810	19.398951	0.081417	0.001755	0.000647	-0.996678	1.000000	0.000000	0.000000	3	0	4565.391113	17.939062	img__0_1587267007012289600.png
1587267007055	-60.401562	521.816772	19.398952	0.081415	0.001749	0.000589	-0.996679	1.000000	0.000000	0.000000	3	0	4573.529297	18.032824	img__0_1587267007053180200.png
1587267007108	-61.434841	521.646912	19.398956	0.081414	0.001741	0.000502	-0.996679	1.000000	0.000000	0.000000	3	0	4584.223633	18.145725	img__0_1587267007106039900.png
1587267007164	-62.339531	521.498230	19.398960	0.081415	0.001735	0.000430	-0.996679	1.000000	0.000000	0.000000	3	0	4596.508301	18.264988	img__0_1587267007160425100.png
1587267007207	-63.066326	521.378845	19.398964	0.081390	0.001730	0.000372	-0.996681	1.000000	-1.000000	0.000000	3	0	4606.828125	18.355162	img__0_1587267007202562100.png
1587267007260	-64.021561	521.224792	19.398968	0.080169	0.001734	0.000110	-0.996780	1.000000	-1.000000	0.000000	3	0	4624.631836	18.469370	img__0_1587267007258894500.png
1587267007315	-65.136559	521.055542	19.398975	0.075079	0.001756	-0.000702	-0.997176	1.000000	0.000000	0.000000	3	0	4643.820801	18.583296	img__0_1587267007312017700.png
1587267007361	-65.930626	520.939514	19.398973	0.070910	0.001788	-0.001240	-0.997480	1.000000	0.000000	0.000000	3	0	4656.543457	18.682354	img__0_1587267007357888600.png
1587267007407	-66.741486	520.821960	19.398973	0.068052	0.001805	-0.001566	-0.997679	1.000000	0.000000	0.000000	3	0	4669.018066	18.778582	img__0_1587267007404558300.png
1587267007472	-67.874138	520.661438	19.398973	0.065740	0.001822	-0.001917	-0.997833	1.000000	0.000000	0.000000	3	0	4686.697754	18.909456	img__0_1587267007468421400.png
1587267007513	-68.774216	520.537109	19.398973	0.064738	0.001829	-0.002121	-0.997898	1.000000	0.000000	0.000000	3	0	4699.592773	19.001177	img__0_1587267007510491600.png
1587267007557	-69.559845	520.430603	19.398975	0.064218	0.001832	-0.002228	-0.997932	1.000000	0.000000	0.000000	3	0	4712.861816	19.093075	img__0_1587267007555618700.png
1587267007613	-70.644997	520.285889	19.398977	0.063834	0.001827	-0.002254	-0.997956	1.000000	0.000000	0.000000	3	0	4729.760254	19.207146	img__0_1587267007609827000.png
1587267007665	-71.608826	520.158997	19.398979	0.063678	0.001817	-0.002171	-0.997966	1.000000	0.000000	0.000000	3	0	4746.901855	19.319849	img__0_1587267007660920200.png
1587267007705	-72.409607	520.054504	19.398981	0.063622	0.001805	-0.002041	-0.997970	1.000000	0.000000	0.000000	3	0	4759.416016	19.400429	img__0_1587267007703119600.png
1587267007764	-73.455315	519.918884	19.398981	0.063603	0.001785	-0.001812	-0.997972	1.000000	0.000000	0.000000	3	0	4778.166504	19.518784	img__0_1587267007760240900.png
1587267007813	-74.384293	519.798950	19.398983	0.063612	0.001766	-0.001578	-0.997972	1.000000	0.000000	0.000000	3	0	4794.760742	19.621382	img__0_1587267007809315900.png
1587267007869	-75.564140	519.647156	19.398987	0.063638	0.001741	-0.001277	-0.997971	1.000000	-1.000000	0.000000	3	0	4814.729004	19.741127	img__0_1587267007865809800.png
1587267007911	-76.413048	519.539490	19.398987	0.063111	0.001727	-0.001167	-0.998004	1.000000	-1.000000	0.000000	3	0	4832.160156	19.829346	img__0_1587267007907361900.png
1587267007951	-77.289841	519.432922	19.398991	0.060841	0.001716	-0.001328	-0.998145	1.000000	-1.000000	0.000000	3	0	4849.887207	19.901758	img__0_1587267007949799300.png
1587267008006	-78.347107	519.312561	19.398994	0.055717	0.001719	-0.001827	-0.998443	1.000000	0.000000	0.000000	3	0	4869.679199	20.007822	img__0_1587267008004042500.png
1587267008060	-79.322105	519.203491	19.398994	0.052152	0.001728	-0.002061	-0.998636	1.000000	0.000000	0.000000	0	0	4889.733887	20.101490	img__0_1587267008058354200.png
1587267008113	-80.462654	519.079041	19.399044	0.049626	0.001550	-0.002256	-0.998764	1.000000	0.000000	0.000000	0	0	4802.979004	20.105400	img__0_1587267008109199700.png
1587267008159	-81.334763	518.986694	19.399103	0.048430	0.001343	-0.002390	-0.998823	1.000000	0.000000	0.000000	0	0	4724.037598	20.091125	img__0_1587267008157916300.png
1587267008210	-82.368202	518.880371	19.399174	0.047512	0.001095	-0.002504	-0.998867	1.000000	0.000000	0.000000	4	0	4354.946289	20.119617	img__0_1587267008207941500.png
1587267008252	-83.257111	518.791138	19.399157	0.047032	0.001155	-0.002525	-0.998889	1.000000	0.000000	0.000000	4	0	4273.437012	20.219948	img__0_1587267008249568300.png
1587267008306	-84.266327	518.691833	19.399113	0.046739	0.001310	-0.002462	-0.998903	1.000000	0.000000	0.000000	4	0	4198.181152	20.342451	img__0_1587267008301204800.png
1587267008368	-85.530861	518.569519	19.399069	0.046585	0.001459	-0.002274	-0.998911	1.000000	0.000000	0.000000	4	0	4113.592773	20.495518	img__0_1587267008365540700.png
1587267008411	-86.403824	518.486023	19.399048	0.046552	0.001526	-0.002096	-0.998913	1.000000	0.000000	0.000000	4	0	4066.423096	20.589214	img__0_1587267008408321400.png
1587267008472	-87.647026	518.368103	19.399027	0.046556	0.001591	-0.001792	-0.998913	1.000000	0.000000	0.000000	4	0	4008.018555	20.716434	img__0_1587267008467375400.png
1587267008515	-88.573357	518.280762	19.399017	0.046538	0.001616	-0.001559	-0.998914	1.000000	-1.000000	0.000000	4	0	3968.500244	20.811975	img__0_1587267008513926300.png
1587267008557	-89.424454	518.202637	19.399014	0.045769	0.001627	-0.001487	-0.998950	1.000000	-1.000000	0.000000	4	0	3937.900391	20.896379	img__0_1587267008555837900.png
1587267008613	-90.564606	518.105530	19.399014	0.042056	0.001627	-0.001789	-0.999112	1.000000	0.000000	0.000000	4	0	3908.140137	20.994482	img__0_1587267008609350600.png
1587267008658	-91.552261	518.028259	19.399012	0.037200	0.001634	-0.002217	-0.999304	1.000000	0.000000	0.000000	4	0	3881.885498	21.083315	img__0_1587267008656046900.png
1587267008704	-92.562965	517.951172	19.399012	0.033585	0.001639	-0.002457	-0.999431	1.000000	0.000000	0.000000	4	0	3857.128906	21.174032	img__0_1587267008702486500.png
1587267008760	-93.696953	517.868286	19.399012	0.031029	0.001637	-0.002652	-0.999514	1.000000	0.000000	0.000000	4	0	3832.544189	21.278721	img__0_1587267008757686400.png
1587267008808	-94.729141	517.796570	19.399012	0.029589	0.001631	-0.002807	-0.999557	1.000000	0.000000	0.000000	4	0	3815.977783	21.362658	img__0_1587267008806064700.png
1587267008854	-95.753670	517.718323	19.368671	0.028712	0.015818	0.005524	-0.999447	1.000000	0.000000	0.000000	4	0	3815.088135	21.429623	img__0_1587267008852237600.png
1587267008912	-96.952888	517.629517	19.358328	0.028436	0.018590	0.016289	-0.999290	1.000000	-1.000000	0.000000	4	0	3832.633545	21.535686	img__0_1587267008908820600.png
1587267008958	-97.915779	517.545410	19.319550	0.027583	0.001220	0.038027	-0.998895	1.000000	-1.000000	0.000000	4	0	3839.403809	21.592035	img__0_1587267008956723400.png
1587267009005	-98.966560	517.477661	19.315105	0.025162	-0.000253	0.050539	-0.998405	1.000000	-1.000000	0.000000	4	0	3851.852783	21.657419	img__0_1587267009003103400.png
1587267009062	-100.141792	517.423279	19.315756	0.019478	-0.000169	0.057343	-0.998164	1.000000	-1.000000	0.000000	4	0	3857.147949	21.732662	img__0_1587267009058591600.png
1587267009107	-101.200859	517.393738	19.316742	0.010453	0.000348	0.059535	-0.998172	1.000000	0.000000	0.000000	4	0	3856.093506	21.796940	img__0_1587267009103902200.png
1587267009154	-102.164688	517.379456	19.317419	0.001013	0.000964	0.059817	-0.998208	1.000000	0.000000	0.000000	4	0	3846.728027	21.874485	img__0_1587267009150701400.png
1587267009208	-103.335236	517.370605	19.317959	0.007881	-0.001558	-0.059348	0.998205	1.000000	0.000000	0.000000	4	0	3835.675537	21.962393	img__0_1587267009206181700.png
1587267009254	-104.413589	517.371094	19.318342	0.013280	-0.001921	-0.058472	0.998199	1.000000	0.000000	0.000000	4	0	3828.535889	22.039032	img__0_1587267009252143700.png
1587267009312	-105.657890	517.382996	19.318657	0.017291	-0.002184	-0.057237	0.998209	1.000000	0.000000	0.000000	4	0	3822.886230	22.131783	img__0_1587267009309562000.png
1587267009362	-106.810776	517.403564	19.318861	0.019667	-0.002334	-0.056200	0.998223	1.000000	0.000000	0.000000	4	0	3819.802734	22.215858	img__0_1587267009361141200.png
1587267009400	-107.693436	517.424744	19.318977	0.020886	-0.002411	-0.055569	0.998233	1.000000	0.000000	0.000000	4	0	3818.505371	22.273350	img__0_1587267009398588400.png
1587267009463	-109.000938	517.463257	19.319113	0.022045	-0.002486	-0.054958	0.998242	1.000000	0.000000	0.000000	4	0	3817.511963	22.378693	img__0_1587267009461446900.png
1587267009513	-110.157730	517.502625	19.320446	0.022398	-0.001895	-0.054491	0.998261	1.000000	0.000000	0.000000	4	0	3857.865723	22.422140	img__0_1587267009511761400.png
1587267009560	-111.161011	517.540405	19.325005	0.021864	0.000232	-0.053056	0.998352	1.000000	0.000000	0.000000	4	0	3950.696289	22.440975	img__0_1587267009557161900.png
1587267009606	-112.226639	517.583130	19.331465	0.020964	0.003215	-0.050490	0.998499	1.000000	0.000000	0.000000	4	0	4061.777832	22.448393	img__0_1587267009604001700.png
1587267009661	-113.519531	517.639709	19.346710	0.020210	0.004309	-0.043687	0.998831	1.000000	-1.000000	0.000000	4	0	4207.054688	22.457790	img__0_1587267009659383500.png
1587267009706	-114.521248	517.690430	19.361423	0.021170	0.002378	-0.034895	0.999164	1.000000	-1.000000	0.000000	4	0	4217.708984	22.535713	img__0_1587267009704900100.png
1587267009761	-115.731094	517.757507	19.370796	0.026586	0.000843	-0.024987	0.999334	1.000000	0.000000	0.000000	4	0	4190.053711	22.629324	img__0_1587267009759370100.png
1587267009806	-116.777969	517.821289	19.375908	0.033567	0.000302	-0.018101	0.999272	1.000000	0.000000	0.000000	4	0	4163.567383	22.710724	img__0_1587267009804981600.png
1587267009862	-118.067032	517.903687	19.381020	0.040449	-0.000140	-0.011395	0.999117	1.000000	0.000000	0.000000	4	0	4131.984863	22.811884	img__0_1587267009860233900.png
1587267009910	-119.076088	517.971924	19.384150	0.044030	-0.000345	-0.007359	0.999003	0.000000	0.000000	0.000000	4	0	4082.134277	22.894897	img__0_1587267009906393700.png
1587267009955	-120.132729	518.048401	19.386793	0.046629	-0.000484	-0.004041	0.998904	0.000000	0.000000	0.000000	4	0	3843.438232	22.971352	img__0_1587267009951944300.png
1587267010010	-121.440079	518.151062	19.389591	0.048640	-0.000579	-0.000825	0.998816	0.000000	0.000000	0.000000	0	0	3640.419922	23.035845	img__0_1587267010008966400.png
1587267010053	-122.439682	518.234741	19.391260	0.049619	-0.000508	0.000945	0.998768	0.000000	0.000000	0.000000	0	0	3586.688965	23.030643	img__0_1587267010050972800.png
1587267010108	-123.674141	518.343323	19.392982	0.050440	-0.000333	0.002446	0.998724	0.000000	0.000000	0.000000	0	0	3517.384277	23.011457	img__0_1587267010106199500.png
1587267010153	-124.715782	518.438599	19.394129	0.050916	-0.000210	0.003214	0.998698	-1.000000	0.000000	0.000000	-1	0	3220.769775	22.995762	img__0_1587267010149916100.png
1587267010206	-125.903984	518.550720	19.395382	0.051170	0.000403	0.003639	0.998683	-1.000000	0.000000	0.000000	-1	0	2839.369629	22.604418	img__0_1587267010204591700.png
1587267010262	-127.159920	518.671692	19.396589	0.051157	0.001442	0.003662	0.998683	-1.000000	0.000000	0.000000	-1	0	2638.642334	22.177044	img__0_1587267010260318300.png
1587267010305	-128.092651	518.763000	19.397320	0.051078	0.002083	0.003495	0.998686	-1.000000	0.000000	0.000000	-1	0	2612.488281	21.872772	img__0_1587267010301984800.png
1587267010360	-129.297348	518.882263	19.398102	0.050964	0.002774	0.003127	0.998692	-1.000000	0.000000	0.000000	-1	0	2625.945801	21.462929	img__0_1587267010357001300.png
1587267010408	-130.246643	518.977051	19.398603	0.050886	0.003221	0.002766	0.998695	-1.000000	0.000000	0.000000	-1	0	2636.710938	21.098574	img__0_1587267010405734400.png
1587267010457	-131.319611	519.084839	19.399076	0.050818	0.003645	0.002329	0.998699	-1.000000	0.000000	0.000000	-1	0	2647.606201	20.724922	img__0_1587267010455193600.png
1587267010503	-132.300385	519.183838	19.399422	0.050778	0.003956	0.001932	0.998700	-1.000000	0.000000	0.000000	-1	0	2657.449219	20.385181	img__0_1587267010501450800.png
1587267010555	-133.328125	519.287903	19.399729	0.050755	0.004237	0.001533	0.998701	-1.000000	0.000000	0.000000	-1	0	2666.980713	20.008162	img__0_1587267010552655300.png
1587267010611	-134.433899	519.400085	19.400002	0.050750	0.004492	0.001142	0.998701	-1.000000	0.000000	0.000000	-1	0	2676.886475	19.580893	img__0_1587267010609160700.png
1587267010654	-135.279297	519.486023	19.400171	0.050757	0.004654	0.000881	0.998700	-1.000000	0.000000	0.000000	-1	0	2683.610840	19.261644	img__0_1587267010651262000.png
1587267010707	-136.344833	519.594543	19.400349	0.050775	0.004831	0.000601	0.998698	-1.000000	0.000000	0.000000	-1	0	2691.447754	18.850403	img__0_1587267010705140100.png
1587267010751	-137.114532	519.672974	19.400452	0.050792	0.004935	0.000433	0.998697	-1.000000	0.000000	0.000000	-1	0	2697.285889	18.518911	img__0_1587267010749826500.png
1587267010811	-138.138596	519.777344	19.400570	0.050818	0.005062	0.000247	0.998695	-1.000000	0.000000	0.000000	-1	0	2703.627197	18.086912	img__0_1587267010806489600.png
1587267010856	-138.985153	519.863770	19.400650	0.050842	0.005149	0.000127	0.998693	-1.000000	0.000000	0.000000	-1	0	2708.287354	17.740612	img__0_1587267010853507500.png
1587267010910	-139.915070	519.958740	19.400730	0.050869	0.005241	0.000019	0.998691	-1.000000	0.000000	0.000000	-1	0	2712.689453	17.330988	img__0_1587267010905982200.png
1587267010956	-140.709457	520.039856	19.400782	0.050892	0.005303	-0.000051	0.998690	-1.000000	0.000000	0.000000	-1	0	2715.779785	16.978512	img__0_1587267010954336700.png
1587267011011	-141.651474	520.136169	19.400831	0.050920	0.005372	-0.000113	0.998688	-1.000000	0.000000	0.000000	-1	0	2718.493408	16.556372	img__0_1587267011008098700.png
1587267011055	-142.344131	520.206970	19.400866	0.050939	0.005418	-0.000147	0.998687	-1.000000	0.000000	0.000000	-1	0	2719.951172	16.219086	img__0_1587267011052038600.png
1587267011110	-143.265854	520.301208	19.400904	0.050966	0.005476	-0.000181	0.998685	-1.000000	0.000000	0.000000	-1	0	2720.756592	15.795502	img__0_1587267011106256900.png
1587267011154	-143.930237	520.369202	19.400927	0.050984	0.005514	-0.000199	0.998684	-1.000000	0.000000	0.000000	-1	0	2720.683594	15.452310	img__0_1587267011150934600.png
1587267011211	-144.795624	520.457764	19.400955	0.051008	0.005563	-0.000216	0.998683	-1.000000	0.000000	0.000000	-1	0	2719.510498	15.014109	img__0_1587267011207574200.png
1587267011254	-145.439056	520.523621	19.400974	0.051026	0.005596	-0.000225	0.998682	-1.000000	0.000000	0.000000	-1	0	2717.822754	14.676498	img__0_1587267011251679500.png
1587267011310	-146.245316	520.606201	19.400993	0.051048	0.005637	-0.000234	0.998680	-1.000000	0.000000	0.000000	-1	0	2714.583496	14.240062	img__0_1587267011306698900.png
1587267011351	-146.858353	520.669006	19.401009	0.051065	0.005668	-0.000238	0.998679	-1.000000	0.000000	0.000000	-1	0	2711.266602	13.904615	img__0_1587267011349766400.png
1587267011405	-147.578125	520.742798	19.401022	0.051084	0.005704	-0.000242	0.998678	-1.000000	0.000000	0.000000	-1	0	2706.282959	13.498525	img__0_1587267011402115500.png
1587267011460	-148.289688	520.815796	19.401037	0.051104	0.005739	-0.000245	0.998677	-1.000000	0.000000	0.000000	-1	0	2699.752930	13.062556	img__0_1587267011455750000.png
1587267011501	-148.874527	520.875793	19.401049	0.051120	0.005770	-0.000247	0.998676	-1.000000	0.000000	0.000000	-1	0	2693.677246	12.718562	img__0_1587267011499588500.png
1587267011554	-149.511017	520.941101	19.401062	0.051139	0.005803	-0.000250	0.998675	-1.000000	0.000000	0.000000	-1	0	2685.438477	12.309875	img__0_1587267011551764000.png
1587267011609	-150.182022	521.009949	19.401073	0.051158	0.005840	-0.000252	0.998673	-1.000000	0.000000	0.000000	-1	0	2674.929932	11.855733	img__0_1587267011607763700.png
1587267011653	-150.680939	521.061218	19.401083	0.051172	0.005868	-0.000254	0.998673	-1.000000	0.000000	0.000000	-1	0	2665.843994	11.506104	img__0_1587267011651057900.png
1587267011706	-151.287491	521.123474	19.401094	0.051191	0.005904	-0.000256	0.998671	-1.000000	0.000000	0.000000	-1	0	2653.905518	11.092501	img__0_1587267011704304400.png
1587267011760	-151.871399	521.183533	19.401106	0.051208	0.005942	-0.000258	0.998670	-1.000000	0.000000	0.000000	-1	0	2639.741455	10.649880	img__0_1587267011757086600.png
1587267011803	-152.320068	521.229614	19.401115	0.051222	0.005972	-0.000260	0.998669	-1.000000	0.000000	0.000000	-1	0	2627.100586	10.289365	img__0_1587267011800966800.png
1587267011854	-152.863510	521.285522	19.401127	0.051239	0.006012	-0.000263	0.998668	-1.000000	0.000000	0.000000	-1	0	2611.302002	9.876717	img__0_1587267011851995900.png
1587267011910	-153.366867	521.337280	19.401140	0.051255	0.006053	-0.000266	0.998667	-1.000000	0.000000	0.000000	-1	0	2592.178955	9.417936	img__0_1587267011906488500.png
1587267011951	-153.770386	521.378845	19.401150	0.051269	0.006087	-0.000269	0.998666	-1.000000	0.000000	0.000000	-1	0	2576.111816	9.062737	img__0_1587267011949249500.png
1587267012005	-154.246475	521.427795	19.401163	0.051285	0.006133	-0.000272	0.998665	-1.000000	0.000000	0.000000	-1	0	2554.380615	8.617123	img__0_1587267012003464900.png
1587267012061	-154.696793	521.474182	19.401176	0.051300	0.006180	-0.000275	0.998664	-1.000000	0.000000	0.000000	-1	0	2530.025391	8.156267	img__0_1587267012057947700.png
1587267012106	-155.069916	521.512634	19.401188	0.051313	0.006224	-0.000278	0.998663	-1.000000	0.000000	0.000000	-1	0	2507.520020	7.761427	img__0_1587267012104117300.png
1587267012155	-155.442963	521.551025	19.401203	0.051327	0.006274	-0.000282	0.998662	-1.000000	0.000000	0.000000	-1	0	2481.755371	7.339446	img__0_1587267012153620000.png
1587267012214	-155.865616	521.594604	19.401220	0.051343	0.006336	-0.000286	0.998661	-1.000000	0.000000	0.000000	-1	0	2446.385986	6.803509	img__0_1587267012212834600.png
1587267012259	-156.160934	521.625061	19.401236	0.051354	0.006385	-0.000289	0.998660	-1.000000	0.000000	0.000000	-1	0	2419.111572	6.420705	img__0_1587267012257488700.png
1587267012312	-156.500854	521.660095	19.401253	0.051368	0.006452	-0.000294	0.998659	-1.000000	0.000000	0.000000	-1	0	2383.939209	5.960373	img__0_1587267012310095500.png
1587267012354	-156.731400	521.683899	19.401268	0.051377	0.006502	-0.000297	0.998658	-1.000000	0.000000	0.000000	-1	0	2352.813965	5.578083	img__0_1587267012352421500.png
1587267012410	-157.031708	521.714844	19.401289	0.051390	0.006583	-0.000303	0.998657	-1.000000	0.000000	0.000000	-1	0	2309.042236	5.078254	img__0_1587267012407126100.png
1587267012451	-157.242889	521.736694	19.401480	0.051400	0.006637	-0.000306	0.998656	-1.000000	0.000000	0.000000	-1	0	2275.510986	4.694241	img__0_1587267012449074900.png
1587267012508	-157.482880	521.761475	19.401735	0.051411	0.006701	-0.000310	0.998655	-1.000000	0.000000	0.000000	-1	0	2228.929932	4.178852	img__0_1587267012504778200.png
1587267012558	-157.706482	521.784546	19.401794	0.051409	0.006758	-0.000314	0.998655	-1.000000	0.000000	0.000000	-1	0	2187.786865	3.708103	img__0_1587267012556909700.png
1587267012609	-157.895782	521.804077	19.401714	0.051380	0.006575	-0.000307	0.998657	0.000000	0.000000	0.000000	0	0	2279.514893	3.478020	img__0_1587267012608084800.png
1587267012662	-158.056244	521.820618	19.401310	0.051384	0.005679	-0.000262	0.998663	0.000000	0.000000	0.000000	0	0	2335.557129	3.475820	img__0_1587267012659980300.png
1587267012704	-158.206635	521.836121	19.401098	0.051384	0.004760	-0.000215	0.998668	0.000000	0.000000	0.000000	0	0	2303.776855	3.473948	img__0_1587267012702800400.png
1587267012759	-158.394455	521.855469	19.400822	0.051385	0.003776	-0.000164	0.998672	0.000000	0.000000	0.000000	0	0	2260.412598	3.471613	img__0_1587267012755515300.png
1587267012812	-158.584839	521.875122	19.400600	0.051385	0.002975	-0.000123	0.998674	0.000000	0.000000	0.000000	0	0	2218.749023	3.469273	img__0_1587267012809104200.png
1587267012854	-158.723206	521.889404	19.400360	0.051385	0.002504	-0.000099	0.998676	0.000000	0.000000	0.000000	0	0	2186.211914	3.467467	img__0_1587267012852372100.png
1587267012908	-158.910934	521.908752	19.400238	0.051385	0.001978	-0.000072	0.998677	0.000000	0.000000	0.000000	0	0	2144.332764	3.465035	img__0_1587267012906565400.png
1587267012955	-159.083740	521.926636	19.400286	0.051385	0.001589	-0.000052	0.998678	0.000000	0.000000	0.000000	0	0	2107.969727	3.462842	img__0_1587267012953484200.png
1587267013004	-159.233276	521.942078	19.400085	0.051385	0.001319	-0.000038	0.998678	0.000000	0.000000	0.000000	0	0	2075.008545	3.460860	img__0_1587267013002974000.png
